Link_index	Source	Destination	Capacity(kbps)
0	1	0	1
1	2	0	1
2	3	0	1
3	4	0	1
4	5	0	1
5	6	0	1
6	7	0	1
7	4	3	1
8	5	3	1
9	0	3	1
10	7	3	1
11	8	5	1
12	1	5	1
13	3	5	1
14	0	5	1
15	8	1	1
16	5	1	1
17	9	1	1
18	6	1	1
19	0	1	1
20	10	1	1
21	11	1	1
22	12	1	1
23	13	1	1
24	8	14	1
25	10	14	1
26	8	10	1
27	1	10	1
28	14	10	1
29	15	10	1
30	8	15	1
31	16	15	1
32	10	15	1
33	7	15	1
34	1	8	1
35	14	8	1
36	5	8	1
37	15	8	1
38	10	8	1
39	3	7	1
40	4	7	1
41	16	7	1
42	15	7	1
43	0	7	1
44	17	7	1
45	15	16	1
46	7	16	1
47	9	18	1
48	13	18	1
49	9	19	1
50	11	19	1
51	2	4	1
52	3	4	1
53	20	4	1
54	9	4	1
55	21	4	1
56	6	4	1
57	0	4	1
58	22	4	1
59	7	4	1
60	12	4	1
61	4	21	1
62	20	21	1
63	23	21	1
64	4	20	1
65	21	20	1
66	17	20	1
67	22	20	1
68	4	22	1
69	20	22	1
70	17	22	1
71	19	9	1
72	1	9	1
73	2	9	1
74	4	9	1
75	18	9	1
76	6	9	1
77	11	9	1
78	12	9	1
79	13	9	1
80	1	6	1
81	4	6	1
82	9	6	1
83	0	6	1
84	12	6	1
85	1	12	1
86	4	12	1
87	9	12	1
88	6	12	1
89	11	12	1
90	20	17	1
91	22	17	1
92	7	17	1
93	4	2	1
94	24	2	1
95	9	2	1
96	0	2	1
97	23	2	1
98	11	2	1
99	2	24	1
100	23	24	1
101	1	13	1
102	9	13	1
103	18	13	1
104	19	11	1
105	1	11	1
106	2	11	1
107	9	11	1
108	12	11	1
109	2	23	1
110	24	23	1
111	21	23	1
