to_node   from_node   capacity        
0	9	2	2000000
1	9	17	2000000
2	8	12	2000000
3	8	4	2000000
4	3	10	2000000
5	3	2	2000000
6	2	9	2000000
6	2	3	2000000
6	2	4	2000000
6	1	6	2000000
6	1	17	2000000
6	1	5	2000000
6	10	7	2000000
6	10	3	2000000
6	7	10	2000000
6	7	6	2000000
6	6	1	2000000
6	6	7	2000000
6	6	4	2000000
6	6	16	2000000
6	5	1	2000000
6	5	4	2000000
6	5	15	2000000
6	4	2	2000000
6	4	8	2000000
6	4	6	2000000
6	4	5	2000000
6	13	14	200000
6	13	12	2000000
6	12	13	2000000
6	12	8	2000000
6	12	11	2000000
6	11	12	2000000
6	11	17	20000
6	17	1	2000000
6	17	9	2000000
6	17	14	2000000
6	17	11	2000000
6	16	6	2000000
6	16	15	2000000
6	15	14	2000000
6	15	16	2000000
6	15	5	2000000
6	14	13	2000000
6	14	17	2000000
6	14	15	2000000