Link_index	Source	Destination	Capacity(kbps)
0	0	5	1
1	0	6	1
2	0	9	1
3	0	45	1
4	0	47	1
5	0	53	1
6	0	55	1
7	0	75	1
8	0	90	1
9	0	95	1
10	0	102	1
11	0	111	1
12	0	132	1
13	0	133	1
14	1	8	1
15	1	24	1
16	1	42	1
17	1	44	1
18	1	66	1
19	1	67	1
20	1	83	1
21	1	86	1
22	1	101	1
23	1	106	1
24	1	149	1
25	1	172	1
26	2	9	1
27	2	29	1
28	2	45	1
29	2	83	1
30	2	89	1
31	2	110	1
32	2	152	1
33	2	154	1
34	3	14	1
35	3	25	1
36	3	50	1
37	3	110	1
38	3	149	1
39	4	10	1
40	4	109	1
41	4	113	1
42	4	125	1
43	5	19	1
44	5	67	1
45	5	101	1
46	5	104	1
47	5	112	1
48	5	144	1
49	5	156	1
50	6	15	1
51	6	17	1
52	6	33	1
53	6	37	1
54	6	67	1
55	6	133	1
56	6	157	1
57	6	164	1
58	6	179	1
59	7	28	1
60	7	104	1
61	7	141	1
62	7	163	1
63	7	167	1
64	8	23	1
65	8	38	1
66	8	44	1
67	8	95	1
68	8	101	1
69	8	110	1
70	8	111	1
71	8	155	1
72	8	165	1
73	9	16	1
74	9	19	1
75	9	24	1
76	9	31	1
77	9	40	1
78	9	49	1
79	9	163	1
80	10	29	1
81	10	33	1
82	10	40	1
83	10	46	1
84	10	72	1
85	10	108	1
86	10	127	1
87	10	152	1
88	10	166	1
89	10	174	1
90	11	13	1
91	11	14	1
92	11	21	1
93	11	43	1
94	11	48	1
95	11	54	1
96	11	69	1
97	11	88	1
98	11	92	1
99	11	124	1
100	11	169	1
101	11	171	1
102	11	173	1
103	12	30	1
104	12	38	1
105	12	116	1
106	12	118	1
107	12	124	1
108	12	125	1
109	12	138	1
110	13	26	1
111	13	27	1
112	13	77	1
113	13	88	1
114	13	136	1
115	13	163	1
116	14	82	1
117	14	106	1
118	14	152	1
119	14	174	1
120	15	84	1
121	15	112	1
122	15	113	1
123	15	128	1
124	15	129	1
125	15	167	1
126	15	177	1
127	16	18	1
128	16	27	1
129	16	30	1
130	16	84	1
131	16	109	1
132	16	145	1
133	16	153	1
134	16	158	1
135	16	161	1
136	16	165	1
137	16	169	1
138	16	179	1
139	17	30	1
140	17	41	1
141	17	76	1
142	17	125	1
143	17	155	1
144	18	40	1
145	18	47	1
146	18	65	1
147	18	72	1
148	18	90	1
149	18	95	1
150	18	98	1
151	18	126	1
152	18	133	1
153	18	141	1
154	19	41	1
155	19	45	1
156	19	62	1
157	19	77	1
158	19	79	1
159	19	82	1
160	19	88	1
161	19	150	1
162	19	167	1
163	20	38	1
164	20	45	1
165	20	46	1
166	20	52	1
167	20	69	1
168	20	85	1
169	20	86	1
170	20	132	1
171	21	42	1
172	21	60	1
173	21	94	1
174	21	127	1
175	21	134	1
176	21	146	1
177	22	55	1
178	22	66	1
179	22	83	1
180	22	111	1
181	22	119	1
182	22	126	1
183	22	157	1
184	22	165	1
185	22	175	1
186	23	43	1
187	23	45	1
188	23	54	1
189	23	105	1
190	23	117	1
191	23	118	1
192	23	126	1
193	23	154	1
194	23	160	1
195	23	161	1
196	23	166	1
197	24	53	1
198	24	62	1
199	24	90	1
200	24	139	1
201	24	161	1
202	24	177	1
203	25	61	1
204	25	95	1
205	25	122	1
206	25	144	1
207	25	175	1
208	27	91	1
209	27	98	1
210	27	108	1
211	27	123	1
212	27	172	1
213	28	47	1
214	28	50	1
215	28	70	1
216	28	71	1
217	28	78	1
218	28	85	1
219	28	90	1
220	28	105	1
221	29	57	1
222	29	59	1
223	29	64	1
224	29	95	1
225	29	132	1
226	29	149	1
227	29	169	1
228	30	96	1
229	30	100	1
230	30	178	1
231	31	35	1
232	31	40	1
233	31	49	1
234	31	51	1
235	31	60	1
236	31	75	1
237	31	80	1
238	31	94	1
239	31	106	1
240	31	107	1
241	31	151	1
242	31	152	1
243	31	159	1
244	32	48	1
245	32	65	1
246	32	91	1
247	32	102	1
248	32	108	1
249	32	115	1
250	32	123	1
251	32	146	1
252	32	149	1
253	32	153	1
254	32	164	1
255	33	45	1
256	33	57	1
257	33	76	1
258	33	85	1
259	33	103	1
260	33	105	1
261	33	125	1
262	33	175	1
263	34	67	1
264	34	68	1
265	34	103	1
266	34	114	1
267	34	123	1
268	34	138	1
269	34	139	1
270	34	143	1
271	34	154	1
272	34	169	1
273	35	48	1
274	35	77	1
275	35	80	1
276	35	81	1
277	35	105	1
278	35	115	1
279	35	137	1
280	35	144	1
281	35	157	1
282	36	99	1
283	36	112	1
284	36	143	1
285	36	146	1
286	36	179	1
287	37	40	1
288	37	113	1
289	37	137	1
290	37	166	1
291	37	168	1
292	37	173	1
293	38	63	1
294	38	94	1
295	38	96	1
296	38	110	1
297	38	141	1
298	38	177	1
299	39	59	1
300	39	64	1
301	39	85	1
302	39	89	1
303	39	111	1
304	39	121	1
305	39	131	1
306	39	140	1
307	39	174	1
308	40	58	1
309	40	70	1
310	40	103	1
311	40	109	1
312	40	113	1
313	40	122	1
314	40	128	1
315	40	133	1
316	40	171	1
317	41	50	1
318	41	67	1
319	41	75	1
320	41	86	1
321	41	91	1
322	41	141	1
323	41	148	1
324	42	65	1
325	42	79	1
326	42	84	1
327	42	142	1
328	42	147	1
329	42	148	1
330	42	149	1
331	42	153	1
332	42	154	1
333	42	164	1
334	42	179	1
335	43	47	1
336	43	91	1
337	43	121	1
338	43	138	1
339	43	143	1
340	43	158	1
341	43	173	1
342	43	178	1
343	44	98	1
344	44	103	1
345	44	128	1
346	44	138	1
347	44	162	1
348	45	57	1
349	45	69	1
350	45	79	1
351	45	104	1
352	45	127	1
353	45	136	1
354	45	141	1
355	45	155	1
356	45	168	1
357	45	169	1
358	45	175	1
359	45	176	1
360	45	177	1
361	45	178	1
362	46	65	1
363	46	89	1
364	46	128	1
365	46	138	1
366	46	177	1
367	47	52	1
368	47	66	1
369	47	90	1
370	47	99	1
371	47	109	1
372	47	131	1
373	48	54	1
374	48	75	1
375	48	93	1
376	48	98	1
377	48	130	1
378	48	133	1
379	48	157	1
380	48	158	1
381	48	176	1
382	49	57	1
383	49	72	1
384	49	76	1
385	49	108	1
386	49	140	1
387	49	142	1
388	49	173	1
389	50	72	1
390	50	77	1
391	50	94	1
392	50	106	1
393	50	114	1
394	50	122	1
395	50	138	1
396	50	143	1
397	50	151	1
398	50	179	1
399	51	83	1
400	51	105	1
401	51	115	1
402	51	131	1
403	51	135	1
404	51	146	1
405	51	147	1
406	51	153	1
407	51	178	1
408	52	85	1
409	52	108	1
410	52	119	1
411	52	137	1
412	52	138	1
413	52	148	1
414	52	171	1
415	53	100	1
416	53	105	1
417	53	137	1
418	53	166	1
419	53	169	1
420	54	114	1
421	54	141	1
422	55	62	1
423	55	95	1
424	55	126	1
425	55	135	1
426	55	144	1
427	55	163	1
428	56	95	1
429	56	100	1
430	56	104	1
431	56	123	1
432	56	125	1
433	56	130	1
434	56	148	1
435	56	168	1
436	57	65	1
437	57	70	1
438	57	104	1
439	57	113	1
440	57	149	1
441	58	59	1
442	58	65	1
443	58	77	1
444	58	88	1
445	58	94	1
446	58	100	1
447	58	118	1
448	58	146	1
449	58	165	1
450	58	175	1
451	58	179	1
452	59	73	1
453	59	96	1
454	59	104	1
455	59	108	1
456	59	113	1
457	59	134	1
458	60	95	1
459	60	123	1
460	60	135	1
461	60	136	1
462	60	145	1
463	60	175	1
464	61	96	1
465	61	100	1
466	61	112	1
467	61	157	1
468	61	167	1
469	62	94	1
470	62	115	1
471	62	118	1
472	62	120	1
473	62	123	1
474	63	80	1
475	63	104	1
476	63	119	1
477	64	95	1
478	64	110	1
479	64	124	1
480	64	133	1
481	64	135	1
482	64	139	1
483	64	160	1
484	65	68	1
485	65	71	1
486	65	79	1
487	65	86	1
488	65	109	1
489	65	112	1
490	65	119	1
491	65	159	1
492	65	167	1
493	66	77	1
494	66	120	1
495	66	130	1
496	66	138	1
497	66	145	1
498	66	146	1
499	67	85	1
500	67	86	1
501	67	91	1
502	67	131	1
503	67	155	1
504	68	72	1
505	68	73	1
506	68	79	1
507	68	95	1
508	68	128	1
509	68	151	1
510	69	98	1
511	69	104	1
512	69	126	1
513	69	135	1
514	69	178	1
515	70	105	1
516	70	132	1
517	70	133	1
518	70	165	1
519	71	80	1
520	71	99	1
521	71	126	1
522	71	139	1
523	71	178	1
524	72	76	1
525	72	88	1
526	72	122	1
527	72	135	1
528	72	170	1
529	72	173	1
530	73	90	1
531	73	99	1
532	73	108	1
533	73	127	1
534	73	129	1
535	73	165	1
536	73	171	1
537	74	75	1
538	74	107	1
539	74	133	1
540	74	141	1
541	74	152	1
542	75	89	1
543	75	101	1
544	75	143	1
545	75	147	1
546	75	159	1
547	76	106	1
548	76	127	1
549	76	151	1
550	76	152	1
551	76	177	1
552	77	92	1
553	77	119	1
554	77	131	1
555	77	141	1
556	77	149	1
557	77	155	1
558	77	172	1
559	77	177	1
560	79	85	1
561	79	165	1
562	80	96	1
563	80	138	1
564	80	167	1
565	81	95	1
566	81	107	1
567	81	114	1
568	81	169	1
569	82	95	1
570	82	118	1
571	82	131	1
572	82	136	1
573	82	154	1
574	82	155	1
575	82	159	1
576	82	170	1
577	83	132	1
578	83	137	1
579	83	138	1
580	83	167	1
581	84	98	1
582	84	115	1
583	84	146	1
584	84	156	1
585	85	123	1
586	85	129	1
587	85	148	1
588	85	151	1
589	85	154	1
590	85	168	1
591	86	90	1
592	86	142	1
593	86	152	1
594	87	106	1
595	87	113	1
596	87	119	1
597	87	141	1
598	87	154	1
599	87	177	1
600	88	90	1
601	88	127	1
602	88	164	1
603	88	177	1
604	89	107	1
605	89	131	1
606	89	158	1
607	89	162	1
608	89	164	1
609	89	165	1
610	89	175	1
611	89	176	1
612	90	101	1
613	90	116	1
614	90	127	1
615	90	165	1
616	91	131	1
617	91	136	1
618	91	141	1
619	91	146	1
620	91	152	1
621	91	173	1
622	92	93	1
623	92	120	1
624	92	146	1
625	92	161	1
626	92	170	1
627	93	101	1
628	93	110	1
629	93	118	1
630	93	137	1
631	93	175	1
632	95	112	1
633	95	119	1
634	95	127	1
635	95	128	1
636	95	143	1
637	95	167	1
638	95	173	1
639	96	104	1
640	96	116	1
641	96	166	1
642	96	171	1
643	97	109	1
644	98	101	1
645	98	122	1
646	98	129	1
647	98	140	1
648	98	157	1
649	98	158	1
650	98	165	1
651	99	113	1
652	99	126	1
653	99	129	1
654	99	138	1
655	99	140	1
656	99	179	1
657	100	107	1
658	100	109	1
659	100	114	1
660	100	134	1
661	100	143	1
662	100	155	1
663	100	176	1
664	101	109	1
665	101	126	1
666	101	142	1
667	101	146	1
668	101	163	1
669	102	113	1
670	102	116	1
671	102	121	1
672	102	122	1
673	102	126	1
674	102	130	1
675	102	133	1
676	102	141	1
677	102	148	1
678	102	169	1
679	103	121	1
680	103	123	1
681	103	130	1
682	103	145	1
683	103	157	1
684	103	167	1
685	103	177	1
686	104	139	1
687	104	156	1
688	104	164	1
689	104	179	1
690	105	173	1
691	106	108	1
692	106	111	1
693	106	132	1
694	106	133	1
695	106	157	1
696	107	111	1
697	107	117	1
698	107	137	1
699	107	161	1
700	107	164	1
701	107	165	1
702	108	112	1
703	108	172	1
704	109	113	1
705	109	124	1
706	109	138	1
707	110	121	1
708	110	125	1
709	110	128	1
710	110	161	1
711	111	115	1
712	111	116	1
713	111	144	1
714	112	143	1
715	112	144	1
716	113	117	1
717	113	139	1
718	113	149	1
719	113	160	1
720	114	134	1
721	114	159	1
722	114	165	1
723	116	127	1
724	116	132	1
725	117	150	1
726	117	158	1
727	117	170	1
728	117	171	1
729	117	174	1
730	118	135	1
731	118	163	1
732	118	175	1
733	119	125	1
734	119	134	1
735	119	136	1
736	120	124	1
737	120	133	1
738	120	148	1
739	120	152	1
740	121	124	1
741	121	141	1
742	122	137	1
743	122	145	1
744	122	150	1
745	122	167	1
746	123	130	1
747	123	140	1
748	123	146	1
749	123	151	1
750	123	171	1
751	123	174	1
752	124	174	1
753	125	158	1
754	125	174	1
755	126	149	1
756	126	152	1
757	127	144	1
758	127	161	1
759	128	149	1
760	128	173	1
761	128	174	1
762	129	134	1
763	129	142	1
764	129	150	1
765	129	173	1
766	130	131	1
767	130	163	1
768	130	167	1
769	132	133	1
770	132	141	1
771	132	144	1
772	132	145	1
773	132	147	1
774	132	155	1
775	132	156	1
776	132	162	1
777	132	168	1
778	132	178	1
779	133	152	1
780	134	142	1
781	134	154	1
782	135	160	1
783	135	163	1
784	136	156	1
785	136	160	1
786	136	161	1
787	136	168	1
788	136	175	1
789	137	156	1
790	137	176	1
791	138	141	1
792	138	163	1
793	140	158	1
794	140	160	1
795	140	179	1
796	141	167	1
797	141	169	1
798	141	172	1
799	142	143	1
800	142	157	1
801	142	161	1
802	142	175	1
803	143	176	1
804	144	157	1
805	144	165	1
806	145	153	1
807	146	152	1
808	146	160	1
809	146	164	1
810	146	168	1
811	147	173	1
812	147	178	1
813	148	157	1
814	149	163	1
815	149	168	1
816	149	173	1
817	150	153	1
818	150	173	1
819	150	176	1
820	151	152	1
821	151	160	1
822	153	163	1
823	154	161	1
824	154	168	1
825	154	175	1
826	155	164	1
827	155	171	1
828	156	166	1
829	157	160	1
830	157	162	1
831	158	171	1
832	159	161	1
833	159	177	1
834	159	178	1
835	161	179	1
836	168	178	1
837	169	173	1
838	169	176	1
839	176	178	1
