Link_index	Source	Destination	Capacity(kbps)
0	0	14	1
1	0	22	1
2	0	28	1
3	0	49	1
4	0	54	1
5	0	55	1
6	0	62	1
7	0	68	1
8	0	87	1
9	0	88	1
10	0	101	1
11	0	111	1
12	0	119	1
13	1	2	1
14	1	18	1
15	1	19	1
16	1	20	1
17	1	31	1
18	1	54	1
19	1	67	1
20	1	68	1
21	1	73	1
22	1	77	1
23	1	84	1
24	1	96	1
25	1	117	1
26	2	6	1
27	2	9	1
28	2	10	1
29	2	24	1
30	2	27	1
31	2	45	1
32	2	65	1
33	2	67	1
34	2	76	1
35	2	86	1
36	2	89	1
37	2	116	1
38	3	17	1
39	3	27	1
40	3	39	1
41	3	40	1
42	3	47	1
43	3	56	1
44	3	62	1
45	3	76	1
46	3	91	1
47	3	95	1
48	3	105	1
49	3	106	1
50	4	13	1
51	4	20	1
52	4	25	1
53	4	27	1
54	4	34	1
55	4	62	1
56	4	64	1
57	4	67	1
58	4	70	1
59	4	73	1
60	4	78	1
61	4	83	1
62	4	100	1
63	4	102	1
64	4	103	1
65	4	105	1
66	4	115	1
67	5	10	1
68	5	12	1
69	5	15	1
70	5	22	1
71	5	27	1
72	5	28	1
73	5	30	1
74	5	35	1
75	5	43	1
76	5	50	1
77	5	54	1
78	5	63	1
79	5	70	1
80	5	81	1
81	5	83	1
82	5	101	1
83	5	106	1
84	5	108	1
85	5	117	1
86	6	11	1
87	6	41	1
88	6	59	1
89	6	94	1
90	7	9	1
91	7	11	1
92	7	22	1
93	7	25	1
94	7	33	1
95	7	40	1
96	7	41	1
97	7	44	1
98	7	53	1
99	7	75	1
100	7	96	1
101	7	114	1
102	7	116	1
103	7	119	1
104	8	28	1
105	8	50	1
106	8	61	1
107	8	96	1
108	8	113	1
109	8	115	1
110	9	19	1
111	9	31	1
112	9	33	1
113	9	39	1
114	9	47	1
115	9	48	1
116	9	52	1
117	9	59	1
118	9	68	1
119	9	82	1
120	9	91	1
121	9	101	1
122	9	107	1
123	10	12	1
124	10	18	1
125	10	22	1
126	10	25	1
127	10	31	1
128	10	33	1
129	10	39	1
130	10	46	1
131	10	67	1
132	10	77	1
133	10	78	1
134	10	84	1
135	10	86	1
136	10	92	1
137	10	106	1
138	11	57	1
139	11	62	1
140	11	72	1
141	11	73	1
142	11	80	1
143	11	109	1
144	12	13	1
145	12	30	1
146	12	40	1
147	12	42	1
148	12	58	1
149	12	77	1
150	12	86	1
151	12	87	1
152	12	93	1
153	12	97	1
154	12	115	1
155	13	30	1
156	13	35	1
157	13	38	1
158	13	42	1
159	13	50	1
160	13	51	1
161	13	57	1
162	13	93	1
163	13	96	1
164	13	97	1
165	13	111	1
166	14	21	1
167	14	22	1
168	14	26	1
169	14	37	1
170	14	39	1
171	14	86	1
172	14	112	1
173	14	113	1
174	14	114	1
175	14	115	1
176	14	119	1
177	15	16	1
178	15	18	1
179	15	39	1
180	15	52	1
181	15	59	1
182	15	60	1
183	15	84	1
184	15	94	1
185	15	100	1
186	15	104	1
187	15	107	1
188	16	30	1
189	16	37	1
190	16	46	1
191	16	64	1
192	16	81	1
193	16	89	1
194	16	92	1
195	16	97	1
196	16	108	1
197	17	24	1
198	17	25	1
199	17	32	1
200	17	40	1
201	17	49	1
202	17	77	1
203	17	85	1
204	17	88	1
205	17	95	1
206	17	103	1
207	17	116	1
208	18	20	1
209	18	24	1
210	18	35	1
211	18	38	1
212	18	54	1
213	18	64	1
214	18	68	1
215	18	88	1
216	18	103	1
217	18	105	1
218	19	26	1
219	19	28	1
220	19	31	1
221	19	39	1
222	19	45	1
223	19	52	1
224	19	53	1
225	19	55	1
226	19	58	1
227	19	61	1
228	19	76	1
229	19	81	1
230	19	92	1
231	19	103	1
232	19	107	1
233	19	110	1
234	20	22	1
235	20	36	1
236	20	49	1
237	20	57	1
238	20	68	1
239	20	69	1
240	20	71	1
241	20	78	1
242	20	85	1
243	20	91	1
244	20	101	1
245	20	113	1
246	21	36	1
247	21	39	1
248	21	43	1
249	21	55	1
250	21	59	1
251	21	71	1
252	21	72	1
253	21	76	1
254	21	85	1
255	21	89	1
256	21	99	1
257	21	105	1
258	22	24	1
259	22	33	1
260	22	37	1
261	22	51	1
262	22	58	1
263	22	74	1
264	22	106	1
265	23	27	1
266	23	30	1
267	23	33	1
268	23	49	1
269	23	56	1
270	23	62	1
271	23	91	1
272	24	25	1
273	24	38	1
274	24	44	1
275	24	58	1
276	24	61	1
277	24	76	1
278	24	77	1
279	24	85	1
280	24	105	1
281	25	31	1
282	25	32	1
283	25	38	1
284	25	39	1
285	25	41	1
286	25	49	1
287	25	50	1
288	25	54	1
289	25	73	1
290	25	91	1
291	25	96	1
292	25	119	1
293	26	51	1
294	26	62	1
295	26	78	1
296	26	113	1
297	26	117	1
298	26	119	1
299	27	32	1
300	27	36	1
301	27	46	1
302	27	47	1
303	27	53	1
304	27	54	1
305	27	63	1
306	27	91	1
307	27	98	1
308	27	105	1
309	27	112	1
310	28	36	1
311	28	39	1
312	28	58	1
313	28	67	1
314	28	76	1
315	28	77	1
316	28	80	1
317	28	81	1
318	28	104	1
319	28	107	1
320	28	114	1
321	29	30	1
322	29	40	1
323	29	42	1
324	29	44	1
325	29	48	1
326	29	53	1
327	29	58	1
328	29	85	1
329	29	87	1
330	29	94	1
331	29	105	1
332	30	39	1
333	30	40	1
334	30	45	1
335	30	50	1
336	30	52	1
337	30	60	1
338	30	64	1
339	30	76	1
340	30	89	1
341	30	98	1
342	30	115	1
343	31	59	1
344	31	69	1
345	31	88	1
346	31	94	1
347	32	48	1
348	32	49	1
349	32	72	1
350	32	75	1
351	32	76	1
352	32	82	1
353	32	85	1
354	32	100	1
355	32	104	1
356	32	111	1
357	32	113	1
358	33	40	1
359	33	43	1
360	33	54	1
361	33	57	1
362	33	61	1
363	33	65	1
364	33	66	1
365	33	104	1
366	33	117	1
367	34	37	1
368	34	40	1
369	34	46	1
370	34	48	1
371	34	54	1
372	34	89	1
373	34	112	1
374	34	114	1
375	35	40	1
376	35	45	1
377	35	52	1
378	35	62	1
379	35	64	1
380	35	67	1
381	35	70	1
382	35	81	1
383	35	116	1
384	36	43	1
385	36	54	1
386	36	64	1
387	36	72	1
388	36	75	1
389	36	79	1
390	36	88	1
391	36	115	1
392	37	38	1
393	37	60	1
394	38	39	1
395	38	40	1
396	38	45	1
397	38	51	1
398	38	55	1
399	38	77	1
400	38	94	1
401	38	117	1
402	39	63	1
403	39	78	1
404	39	87	1
405	39	94	1
406	39	97	1
407	39	102	1
408	39	117	1
409	40	46	1
410	40	52	1
411	40	56	1
412	40	61	1
413	40	81	1
414	40	90	1
415	40	94	1
416	40	103	1
417	40	113	1
418	41	49	1
419	41	52	1
420	41	56	1
421	41	59	1
422	41	60	1
423	41	80	1
424	41	87	1
425	41	92	1
426	41	106	1
427	41	118	1
428	42	72	1
429	42	88	1
430	42	92	1
431	42	104	1
432	42	111	1
433	43	68	1
434	43	80	1
435	43	102	1
436	43	115	1
437	44	53	1
438	44	54	1
439	44	61	1
440	44	89	1
441	44	108	1
442	44	110	1
443	45	70	1
444	45	85	1
445	45	89	1
446	45	90	1
447	45	107	1
448	45	118	1
449	46	52	1
450	46	60	1
451	46	95	1
452	46	98	1
453	46	100	1
454	46	106	1
455	46	112	1
456	46	119	1
457	47	63	1
458	47	64	1
459	47	72	1
460	47	88	1
461	47	105	1
462	47	107	1
463	47	112	1
464	47	113	1
465	47	116	1
466	48	56	1
467	48	83	1
468	48	86	1
469	48	96	1
470	49	51	1
471	49	67	1
472	49	74	1
473	49	79	1
474	49	105	1
475	50	73	1
476	50	79	1
477	50	84	1
478	50	87	1
479	50	91	1
480	50	95	1
481	50	105	1
482	51	63	1
483	51	75	1
484	51	85	1
485	51	94	1
486	51	96	1
487	51	97	1
488	52	68	1
489	52	73	1
490	52	107	1
491	52	119	1
492	53	58	1
493	53	76	1
494	53	80	1
495	53	85	1
496	53	105	1
497	53	112	1
498	54	61	1
499	54	63	1
500	54	70	1
501	54	75	1
502	54	85	1
503	54	86	1
504	54	104	1
505	54	105	1
506	54	107	1
507	55	75	1
508	55	85	1
509	55	86	1
510	55	104	1
511	56	60	1
512	56	86	1
513	57	65	1
514	57	66	1
515	57	88	1
516	57	93	1
517	57	98	1
518	57	105	1
519	57	107	1
520	57	109	1
521	57	118	1
522	58	67	1
523	58	71	1
524	58	95	1
525	58	97	1
526	58	102	1
527	59	66	1
528	59	70	1
529	59	72	1
530	59	89	1
531	59	91	1
532	59	108	1
533	59	111	1
534	59	115	1
535	60	70	1
536	60	76	1
537	60	84	1
538	60	117	1
539	61	65	1
540	61	73	1
541	61	79	1
542	61	93	1
543	61	96	1
544	61	109	1
545	61	110	1
546	62	104	1
547	63	76	1
548	63	78	1
549	63	98	1
550	63	114	1
551	64	72	1
552	64	82	1
553	64	86	1
554	64	92	1
555	65	90	1
556	65	99	1
557	65	107	1
558	66	81	1
559	66	95	1
560	67	72	1
561	67	80	1
562	67	86	1
563	67	94	1
564	67	112	1
565	67	113	1
566	68	78	1
567	68	91	1
568	68	99	1
569	68	105	1
570	68	106	1
571	68	109	1
572	68	113	1
573	68	117	1
574	69	106	1
575	69	107	1
576	69	110	1
577	69	119	1
578	70	73	1
579	70	77	1
580	70	82	1
581	70	94	1
582	70	96	1
583	70	98	1
584	70	105	1
585	70	110	1
586	70	113	1
587	71	75	1
588	71	80	1
589	71	88	1
590	71	94	1
591	71	98	1
592	71	110	1
593	71	116	1
594	72	84	1
595	72	86	1
596	72	88	1
597	72	102	1
598	72	114	1
599	72	116	1
600	73	97	1
601	73	113	1
602	74	75	1
603	74	85	1
604	74	92	1
605	74	118	1
606	75	76	1
607	75	97	1
608	75	102	1
609	75	118	1
610	76	78	1
611	76	88	1
612	76	91	1
613	76	97	1
614	76	107	1
615	76	111	1
616	77	87	1
617	77	92	1
618	77	100	1
619	77	102	1
620	78	91	1
621	78	100	1
622	78	101	1
623	78	105	1
624	79	89	1
625	79	98	1
626	79	101	1
627	79	105	1
628	79	118	1
629	80	98	1
630	80	105	1
631	80	113	1
632	81	86	1
633	81	106	1
634	82	95	1
635	82	96	1
636	82	118	1
637	84	112	1
638	85	113	1
639	85	114	1
640	86	99	1
641	86	103	1
642	86	112	1
643	86	118	1
644	87	100	1
645	87	101	1
646	87	102	1
647	87	108	1
648	89	96	1
649	89	99	1
650	89	116	1
651	90	92	1
652	90	100	1
653	90	105	1
654	90	112	1
655	91	93	1
656	91	100	1
657	91	117	1
658	92	106	1
659	92	109	1
660	93	103	1
661	94	103	1
662	94	107	1
663	94	115	1
664	94	116	1
665	95	108	1
666	95	111	1
667	96	110	1
668	96	112	1
669	97	98	1
670	98	113	1
671	98	117	1
672	99	115	1
673	99	117	1
674	100	103	1
675	100	106	1
676	100	107	1
677	103	113	1
678	104	110	1
679	104	112	1
680	105	113	1
681	106	112	1
682	107	113	1
683	108	110	1
684	109	111	1
685	110	112	1
686	110	118	1
687	111	115	1
688	112	116	1
689	112	118	1
690	116	118	1
