Link_index	Source	Destination	Capacity(kbps)
0	0	3	1
1	0	4	1
2	0	6	1
3	0	16	1
4	0	23	1
5	0	85	1
6	1	3	1
7	1	4	1
8	1	5	1
9	1	15	1
10	1	20	1
11	1	22	1
12	1	66	1
13	1	79	1
14	2	3	1
15	2	6	1
16	2	7	1
17	2	9	1
18	2	18	1
19	2	92	1
20	2	115	1
21	3	4	1
22	3	5	1
23	3	6	1
24	3	8	1
25	3	9	1
26	3	10	1
27	3	11	1
28	3	12	1
29	3	13	1
30	3	14	1
31	3	15	1
32	3	18	1
33	3	19	1
34	3	22	1
35	3	26	1
36	3	28	1
37	3	29	1
38	3	30	1
39	3	31	1
40	3	32	1
41	3	36	1
42	3	42	1
43	3	43	1
44	3	45	1
45	3	52	1
46	3	53	1
47	3	54	1
48	3	59	1
49	3	63	1
50	3	70	1
51	3	75	1
52	3	106	1
53	3	110	1
54	4	5	1
55	4	7	1
56	4	8	1
57	4	11	1
58	4	12	1
59	4	16	1
60	4	24	1
61	4	26	1
62	4	29	1
63	4	33	1
64	4	40	1
65	4	50	1
66	4	55	1
67	4	57	1
68	4	65	1
69	4	68	1
70	4	71	1
71	4	72	1
72	4	83	1
73	4	84	1
74	4	89	1
75	4	103	1
76	4	115	1
77	4	118	1
78	5	7	1
79	5	13	1
80	5	14	1
81	5	18	1
82	5	21	1
83	5	27	1
84	5	28	1
85	5	32	1
86	5	33	1
87	5	36	1
88	5	37	1
89	5	48	1
90	5	49	1
91	5	58	1
92	5	60	1
93	5	66	1
94	5	73	1
95	5	74	1
96	5	76	1
97	5	87	1
98	5	91	1
99	5	94	1
100	5	95	1
101	5	98	1
102	5	99	1
103	5	100	1
104	5	101	1
105	5	104	1
106	5	112	1
107	5	115	1
108	6	20	1
109	6	34	1
110	6	36	1
111	6	43	1
112	6	51	1
113	6	88	1
114	7	8	1
115	7	9	1
116	7	10	1
117	7	11	1
118	7	12	1
119	7	30	1
120	7	34	1
121	7	48	1
122	7	54	1
123	7	69	1
124	7	101	1
125	7	107	1
126	8	10	1
127	8	17	1
128	8	19	1
129	8	21	1
130	8	24	1
131	8	45	1
132	8	59	1
133	8	65	1
134	8	94	1
135	8	96	1
136	8	100	1
137	9	14	1
138	9	43	1
139	9	44	1
140	9	49	1
141	9	77	1
142	9	93	1
143	9	106	1
144	9	110	1
145	10	17	1
146	10	27	1
147	10	29	1
148	10	58	1
149	10	75	1
150	10	103	1
151	10	108	1
152	11	13	1
153	11	17	1
154	11	78	1
155	11	103	1
156	11	117	1
157	12	15	1
158	12	31	1
159	12	37	1
160	12	38	1
161	12	41	1
162	12	51	1
163	12	81	1
164	12	87	1
165	12	114	1
166	13	19	1
167	13	25	1
168	13	31	1
169	13	41	1
170	13	44	1
171	14	16	1
172	14	45	1
173	16	23	1
174	16	25	1
175	16	27	1
176	16	34	1
177	16	40	1
178	16	67	1
179	16	71	1
180	16	74	1
181	16	90	1
182	16	98	1
183	17	26	1
184	17	30	1
185	17	39	1
186	17	47	1
187	17	61	1
188	17	77	1
189	17	79	1
190	17	80	1
191	17	93	1
192	17	100	1
193	17	105	1
194	17	117	1
195	18	20	1
196	18	21	1
197	18	22	1
198	18	23	1
199	18	37	1
200	18	41	1
201	18	50	1
202	18	69	1
203	18	83	1
204	18	97	1
205	18	102	1
206	18	111	1
207	19	73	1
208	19	96	1
209	20	35	1
210	21	24	1
211	21	42	1
212	21	52	1
213	21	64	1
214	21	85	1
215	21	88	1
216	21	97	1
217	21	116	1
218	22	61	1
219	22	95	1
220	23	25	1
221	23	42	1
222	23	84	1
223	23	109	1
224	23	119	1
225	24	28	1
226	24	46	1
227	24	75	1
228	24	81	1
229	25	38	1
230	25	39	1
231	25	51	1
232	25	56	1
233	25	84	1
234	25	112	1
235	26	32	1
236	26	44	1
237	26	87	1
238	26	109	1
239	27	33	1
240	27	35	1
241	27	38	1
242	27	39	1
243	27	62	1
244	27	73	1
245	27	82	1
246	27	86	1
247	27	101	1
248	28	55	1
249	28	59	1
250	28	68	1
251	29	40	1
252	29	57	1
253	31	54	1
254	31	102	1
255	32	35	1
256	32	57	1
257	32	74	1
258	32	89	1
259	33	60	1
260	33	62	1
261	33	68	1
262	33	78	1
263	33	96	1
264	33	109	1
265	34	49	1
266	34	88	1
267	35	48	1
268	35	77	1
269	35	105	1
270	36	46	1
271	36	66	1
272	36	93	1
273	36	112	1
274	37	91	1
275	38	61	1
276	39	47	1
277	39	55	1
278	39	69	1
279	39	111	1
280	40	76	1
281	41	53	1
282	41	64	1
283	41	107	1
284	41	113	1
285	42	46	1
286	42	50	1
287	42	52	1
288	42	90	1
289	44	58	1
290	46	47	1
291	46	56	1
292	46	63	1
293	46	114	1
294	47	70	1
295	48	63	1
296	48	81	1
297	48	89	1
298	48	116	1
299	49	97	1
300	50	56	1
301	50	62	1
302	50	67	1
303	50	90	1
304	50	107	1
305	50	113	1
306	51	53	1
307	51	104	1
308	53	104	1
309	54	91	1
310	56	86	1
311	57	64	1
312	57	65	1
313	58	60	1
314	58	67	1
315	58	76	1
316	58	78	1
317	58	80	1
318	58	82	1
319	58	83	1
320	58	85	1
321	59	80	1
322	60	71	1
323	60	105	1
324	62	98	1
325	63	94	1
326	64	116	1
327	69	70	1
328	69	108	1
329	70	72	1
330	70	111	1
331	71	72	1
332	72	119	1
333	73	79	1
334	73	86	1
335	73	95	1
336	73	99	1
337	73	117	1
338	74	106	1
339	75	102	1
340	76	118	1
341	77	92	1
342	79	110	1
343	81	82	1
344	83	99	1
345	86	92	1
346	88	113	1
347	89	114	1
348	91	108	1
349	91	118	1
350	95	119	1
