Link_index	Source	Destination	Capacity(kbps)
0	0	16	1
1	0	20	1
2	0	30	1
3	0	100	1
4	0	102	1
5	0	114	1
6	0	123	1
7	0	134	1
8	0	182	1
9	1	4	1
10	1	44	1
11	1	49	1
12	1	58	1
13	1	66	1
14	1	78	1
15	1	89	1
16	1	102	1
17	1	109	1
18	1	113	1
19	1	129	1
20	1	147	1
21	1	158	1
22	1	195	1
23	2	4	1
24	2	56	1
25	2	65	1
26	2	74	1
27	2	125	1
28	2	133	1
29	2	158	1
30	2	170	1
31	2	194	1
32	2	197	1
33	3	55	1
34	3	73	1
35	3	86	1
36	3	100	1
37	3	141	1
38	3	148	1
39	3	150	1
40	3	190	1
41	3	195	1
42	4	28	1
43	4	60	1
44	4	63	1
45	4	69	1
46	4	78	1
47	4	79	1
48	4	119	1
49	5	36	1
50	5	72	1
51	5	79	1
52	5	96	1
53	5	120	1
54	5	124	1
55	5	126	1
56	5	139	1
57	5	155	1
58	5	169	1
59	6	12	1
60	6	22	1
61	6	45	1
62	6	50	1
63	6	87	1
64	6	95	1
65	6	102	1
66	6	114	1
67	6	176	1
68	6	189	1
69	6	191	1
70	6	199	1
71	7	13	1
72	7	15	1
73	7	71	1
74	7	101	1
75	7	152	1
76	7	162	1
77	7	187	1
78	7	188	1
79	7	191	1
80	7	195	1
81	8	16	1
82	8	18	1
83	8	80	1
84	8	87	1
85	8	89	1
86	8	92	1
87	8	105	1
88	8	188	1
89	8	194	1
90	9	42	1
91	9	85	1
92	9	89	1
93	9	136	1
94	9	158	1
95	9	163	1
96	9	191	1
97	10	31	1
98	10	82	1
99	10	89	1
100	10	91	1
101	10	139	1
102	10	149	1
103	10	164	1
104	10	170	1
105	11	21	1
106	11	75	1
107	11	86	1
108	11	96	1
109	11	108	1
110	11	118	1
111	11	166	1
112	11	194	1
113	12	56	1
114	12	71	1
115	12	120	1
116	12	128	1
117	12	166	1
118	12	177	1
119	13	20	1
120	13	34	1
121	13	64	1
122	13	65	1
123	13	79	1
124	13	180	1
125	14	29	1
126	14	32	1
127	14	43	1
128	14	68	1
129	14	96	1
130	14	115	1
131	14	125	1
132	14	126	1
133	14	131	1
134	14	149	1
135	14	152	1
136	14	178	1
137	14	187	1
138	15	43	1
139	15	52	1
140	15	63	1
141	15	77	1
142	15	91	1
143	15	110	1
144	15	168	1
145	15	173	1
146	15	182	1
147	15	194	1
148	16	35	1
149	16	36	1
150	16	37	1
151	16	63	1
152	16	72	1
153	16	80	1
154	16	86	1
155	16	90	1
156	16	98	1
157	16	100	1
158	16	127	1
159	16	130	1
160	16	133	1
161	16	164	1
162	16	169	1
163	16	181	1
164	17	23	1
165	17	39	1
166	17	50	1
167	17	51	1
168	17	65	1
169	17	68	1
170	17	71	1
171	17	80	1
172	17	93	1
173	17	99	1
174	17	129	1
175	17	147	1
176	17	167	1
177	17	173	1
178	17	183	1
179	18	30	1
180	18	65	1
181	18	159	1
182	18	166	1
183	18	172	1
184	18	189	1
185	18	197	1
186	18	199	1
187	19	21	1
188	19	28	1
189	19	46	1
190	19	58	1
191	19	100	1
192	19	125	1
193	19	142	1
194	19	169	1
195	20	29	1
196	20	51	1
197	20	72	1
198	20	82	1
199	20	131	1
200	20	134	1
201	20	137	1
202	20	174	1
203	21	62	1
204	21	63	1
205	21	69	1
206	21	197	1
207	22	42	1
208	22	73	1
209	22	143	1
210	22	159	1
211	22	189	1
212	23	48	1
213	23	77	1
214	23	84	1
215	23	102	1
216	23	129	1
217	23	133	1
218	23	138	1
219	23	141	1
220	24	45	1
221	24	82	1
222	24	85	1
223	24	96	1
224	24	101	1
225	24	103	1
226	24	118	1
227	24	155	1
228	24	165	1
229	24	166	1
230	24	177	1
231	25	36	1
232	25	44	1
233	25	58	1
234	25	61	1
235	25	86	1
236	25	102	1
237	25	160	1
238	25	177	1
239	25	179	1
240	25	184	1
241	26	28	1
242	26	50	1
243	26	81	1
244	26	138	1
245	26	161	1
246	26	164	1
247	26	165	1
248	26	169	1
249	26	182	1
250	27	69	1
251	27	96	1
252	27	99	1
253	27	168	1
254	27	174	1
255	27	183	1
256	28	33	1
257	28	43	1
258	28	78	1
259	28	82	1
260	28	83	1
261	28	87	1
262	28	102	1
263	28	121	1
264	28	137	1
265	28	141	1
266	28	145	1
267	28	153	1
268	29	36	1
269	29	54	1
270	29	96	1
271	29	138	1
272	29	169	1
273	29	195	1
274	30	50	1
275	30	72	1
276	30	73	1
277	30	77	1
278	30	95	1
279	30	122	1
280	30	126	1
281	30	137	1
282	30	148	1
283	30	165	1
284	30	184	1
285	31	54	1
286	31	65	1
287	31	67	1
288	31	139	1
289	31	142	1
290	31	182	1
291	31	184	1
292	32	40	1
293	32	70	1
294	32	111	1
295	32	113	1
296	32	131	1
297	32	145	1
298	32	151	1
299	32	189	1
300	33	41	1
301	33	46	1
302	33	49	1
303	33	58	1
304	33	80	1
305	33	93	1
306	33	101	1
307	33	135	1
308	33	143	1
309	33	170	1
310	33	179	1
311	34	57	1
312	34	97	1
313	34	117	1
314	34	142	1
315	34	148	1
316	34	171	1
317	34	185	1
318	35	51	1
319	35	67	1
320	35	93	1
321	35	143	1
322	35	156	1
323	35	194	1
324	36	48	1
325	36	80	1
326	36	103	1
327	36	116	1
328	36	128	1
329	36	143	1
330	36	152	1
331	36	174	1
332	36	191	1
333	37	46	1
334	37	55	1
335	37	65	1
336	37	75	1
337	37	82	1
338	37	102	1
339	37	113	1
340	37	163	1
341	37	173	1
342	37	198	1
343	38	54	1
344	38	86	1
345	38	111	1
346	38	112	1
347	38	159	1
348	38	165	1
349	39	44	1
350	39	65	1
351	39	72	1
352	39	112	1
353	39	117	1
354	39	122	1
355	39	129	1
356	39	132	1
357	39	137	1
358	39	144	1
359	39	166	1
360	39	171	1
361	39	178	1
362	40	41	1
363	40	69	1
364	40	76	1
365	40	78	1
366	40	169	1
367	41	62	1
368	41	65	1
369	41	92	1
370	41	113	1
371	41	134	1
372	41	140	1
373	41	167	1
374	41	173	1
375	41	178	1
376	41	189	1
377	42	121	1
378	42	133	1
379	43	60	1
380	43	69	1
381	43	74	1
382	43	80	1
383	43	152	1
384	43	181	1
385	43	188	1
386	43	192	1
387	44	58	1
388	44	70	1
389	44	118	1
390	44	140	1
391	44	159	1
392	44	170	1
393	44	171	1
394	45	60	1
395	45	88	1
396	45	102	1
397	45	105	1
398	45	123	1
399	45	181	1
400	45	198	1
401	46	54	1
402	46	58	1
403	46	104	1
404	46	106	1
405	46	119	1
406	46	121	1
407	46	122	1
408	46	136	1
409	46	139	1
410	46	152	1
411	46	164	1
412	46	174	1
413	46	178	1
414	46	195	1
415	47	71	1
416	47	92	1
417	47	118	1
418	47	151	1
419	47	168	1
420	48	60	1
421	48	68	1
422	48	93	1
423	48	98	1
424	48	108	1
425	48	112	1
426	48	117	1
427	48	133	1
428	48	161	1
429	49	67	1
430	49	79	1
431	49	93	1
432	49	153	1
433	49	162	1
434	49	168	1
435	49	180	1
436	50	52	1
437	50	97	1
438	50	141	1
439	50	148	1
440	50	179	1
441	50	195	1
442	50	197	1
443	51	64	1
444	51	96	1
445	51	97	1
446	51	132	1
447	51	165	1
448	51	168	1
449	51	170	1
450	51	173	1
451	51	197	1
452	52	58	1
453	52	89	1
454	52	90	1
455	52	92	1
456	52	95	1
457	52	106	1
458	52	122	1
459	52	159	1
460	52	161	1
461	53	94	1
462	53	95	1
463	53	98	1
464	53	103	1
465	53	134	1
466	53	175	1
467	53	197	1
468	54	90	1
469	54	91	1
470	54	124	1
471	54	151	1
472	54	154	1
473	54	167	1
474	54	194	1
475	54	197	1
476	55	65	1
477	55	75	1
478	55	100	1
479	55	132	1
480	55	140	1
481	55	160	1
482	55	161	1
483	55	193	1
484	56	73	1
485	56	140	1
486	56	171	1
487	57	97	1
488	57	114	1
489	57	125	1
490	57	129	1
491	57	146	1
492	57	151	1
493	57	156	1
494	57	160	1
495	57	167	1
496	57	170	1
497	57	176	1
498	58	84	1
499	58	113	1
500	58	126	1
501	58	135	1
502	58	152	1
503	58	160	1
504	58	173	1
505	58	186	1
506	59	68	1
507	59	101	1
508	59	109	1
509	59	128	1
510	59	147	1
511	59	161	1
512	59	189	1
513	59	190	1
514	60	64	1
515	60	100	1
516	60	158	1
517	60	177	1
518	60	193	1
519	61	91	1
520	61	101	1
521	61	137	1
522	61	144	1
523	61	178	1
524	61	191	1
525	62	109	1
526	62	146	1
527	62	173	1
528	62	181	1
529	63	64	1
530	63	146	1
531	63	156	1
532	63	165	1
533	63	166	1
534	63	178	1
535	63	180	1
536	64	78	1
537	64	87	1
538	64	104	1
539	64	123	1
540	64	131	1
541	64	138	1
542	64	145	1
543	64	185	1
544	65	80	1
545	65	92	1
546	65	101	1
547	65	107	1
548	65	110	1
549	65	115	1
550	65	118	1
551	65	127	1
552	65	171	1
553	66	67	1
554	66	81	1
555	66	105	1
556	66	149	1
557	66	164	1
558	66	167	1
559	66	178	1
560	66	180	1
561	67	77	1
562	67	87	1
563	67	126	1
564	67	143	1
565	67	154	1
566	67	166	1
567	68	70	1
568	68	71	1
569	68	80	1
570	68	124	1
571	68	128	1
572	68	136	1
573	68	140	1
574	69	110	1
575	69	130	1
576	69	135	1
577	69	142	1
578	69	146	1
579	69	147	1
580	69	150	1
581	69	159	1
582	69	174	1
583	69	188	1
584	69	194	1
585	69	196	1
586	70	82	1
587	70	86	1
588	70	92	1
589	70	115	1
590	70	193	1
591	71	172	1
592	71	189	1
593	72	105	1
594	72	115	1
595	72	131	1
596	72	132	1
597	72	167	1
598	72	194	1
599	73	87	1
600	73	113	1
601	73	140	1
602	73	145	1
603	73	159	1
604	73	160	1
605	73	179	1
606	73	188	1
607	74	75	1
608	74	86	1
609	74	89	1
610	74	109	1
611	74	114	1
612	74	119	1
613	74	130	1
614	74	172	1
615	74	180	1
616	74	196	1
617	75	78	1
618	75	92	1
619	75	114	1
620	75	135	1
621	75	171	1
622	76	77	1
623	76	102	1
624	76	117	1
625	76	155	1
626	76	187	1
627	76	192	1
628	77	88	1
629	77	103	1
630	77	107	1
631	77	109	1
632	77	182	1
633	77	193	1
634	77	199	1
635	78	98	1
636	78	137	1
637	78	154	1
638	78	155	1
639	79	98	1
640	79	127	1
641	79	155	1
642	79	160	1
643	79	174	1
644	79	192	1
645	80	88	1
646	80	92	1
647	80	108	1
648	80	111	1
649	80	114	1
650	80	199	1
651	81	87	1
652	81	121	1
653	81	132	1
654	81	134	1
655	81	146	1
656	81	177	1
657	81	180	1
658	82	128	1
659	82	149	1
660	82	166	1
661	82	181	1
662	82	182	1
663	82	198	1
664	83	106	1
665	83	121	1
666	83	129	1
667	83	143	1
668	83	149	1
669	84	155	1
670	84	159	1
671	84	182	1
672	84	187	1
673	84	199	1
674	85	135	1
675	85	142	1
676	85	178	1
677	86	116	1
678	86	122	1
679	86	124	1
680	86	163	1
681	86	166	1
682	87	99	1
683	87	101	1
684	87	149	1
685	87	193	1
686	87	197	1
687	88	103	1
688	88	113	1
689	88	148	1
690	88	170	1
691	88	171	1
692	88	186	1
693	88	192	1
694	89	95	1
695	89	115	1
696	89	136	1
697	89	145	1
698	89	179	1
699	90	107	1
700	90	148	1
701	90	168	1
702	90	177	1
703	90	194	1
704	90	195	1
705	91	99	1
706	91	146	1
707	91	172	1
708	91	191	1
709	91	197	1
710	92	96	1
711	92	144	1
712	92	171	1
713	92	173	1
714	92	188	1
715	93	107	1
716	93	120	1
717	93	149	1
718	93	185	1
719	94	116	1
720	94	144	1
721	94	145	1
722	94	163	1
723	94	164	1
724	95	120	1
725	95	124	1
726	95	128	1
727	95	129	1
728	95	155	1
729	96	126	1
730	96	158	1
731	96	159	1
732	96	160	1
733	96	161	1
734	97	106	1
735	97	107	1
736	97	111	1
737	97	118	1
738	97	139	1
739	97	162	1
740	97	165	1
741	98	108	1
742	98	114	1
743	98	148	1
744	98	195	1
745	98	198	1
746	99	116	1
747	99	127	1
748	99	148	1
749	100	151	1
750	100	178	1
751	100	182	1
752	100	192	1
753	100	198	1
754	101	124	1
755	101	170	1
756	101	183	1
757	102	124	1
758	102	132	1
759	102	139	1
760	102	147	1
761	102	193	1
762	103	138	1
763	103	140	1
764	103	152	1
765	103	195	1
766	104	111	1
767	104	125	1
768	104	134	1
769	104	161	1
770	104	170	1
771	105	110	1
772	105	115	1
773	105	177	1
774	106	110	1
775	106	111	1
776	106	128	1
777	106	142	1
778	106	171	1
779	106	176	1
780	107	110	1
781	107	170	1
782	107	195	1
783	107	196	1
784	108	113	1
785	108	151	1
786	108	162	1
787	108	163	1
788	108	183	1
789	109	151	1
790	109	156	1
791	109	191	1
792	110	111	1
793	110	161	1
794	110	164	1
795	110	178	1
796	110	187	1
797	111	112	1
798	111	147	1
799	111	180	1
800	112	116	1
801	112	145	1
802	112	151	1
803	112	156	1
804	112	164	1
805	113	114	1
806	113	132	1
807	113	146	1
808	113	157	1
809	113	197	1
810	114	144	1
811	115	120	1
812	115	148	1
813	115	166	1
814	115	169	1
815	116	118	1
816	116	120	1
817	116	132	1
818	116	145	1
819	117	138	1
820	117	171	1
821	117	196	1
822	117	198	1
823	118	163	1
824	118	170	1
825	118	174	1
826	119	161	1
827	119	167	1
828	119	171	1
829	120	136	1
830	120	137	1
831	120	173	1
832	121	138	1
833	121	151	1
834	121	159	1
835	121	164	1
836	121	178	1
837	121	186	1
838	122	150	1
839	122	196	1
840	123	159	1
841	123	173	1
842	124	131	1
843	124	132	1
844	124	184	1
845	125	135	1
846	125	171	1
847	125	187	1
848	126	134	1
849	126	149	1
850	126	160	1
851	126	177	1
852	126	188	1
853	127	160	1
854	127	166	1
855	127	167	1
856	127	171	1
857	127	189	1
858	128	153	1
859	128	155	1
860	128	164	1
861	128	167	1
862	128	176	1
863	128	185	1
864	129	144	1
865	129	151	1
866	129	185	1
867	131	156	1
868	131	161	1
869	131	173	1
870	131	174	1
871	131	177	1
872	131	180	1
873	132	138	1
874	132	143	1
875	133	142	1
876	133	158	1
877	133	176	1
878	134	138	1
879	134	153	1
880	134	194	1
881	135	153	1
882	136	148	1
883	136	150	1
884	136	174	1
885	136	195	1
886	136	196	1
887	137	145	1
888	137	155	1
889	137	175	1
890	137	187	1
891	138	145	1
892	138	158	1
893	138	177	1
894	138	184	1
895	139	143	1
896	139	162	1
897	139	181	1
898	139	193	1
899	140	143	1
900	140	169	1
901	141	157	1
902	141	165	1
903	141	189	1
904	142	144	1
905	142	146	1
906	142	161	1
907	142	165	1
908	142	186	1
909	142	195	1
910	142	199	1
911	143	183	1
912	143	197	1
913	143	198	1
914	144	149	1
915	145	162	1
916	145	171	1
917	146	161	1
918	146	163	1
919	146	183	1
920	147	181	1
921	147	183	1
922	148	168	1
923	149	180	1
924	150	169	1
925	150	195	1
926	151	170	1
927	151	177	1
928	151	196	1
929	152	166	1
930	154	164	1
931	154	183	1
932	155	169	1
933	155	175	1
934	155	181	1
935	157	162	1
936	157	166	1
937	157	174	1
938	157	185	1
939	157	196	1
940	158	162	1
941	160	199	1
942	161	179	1
943	161	192	1
944	162	164	1
945	162	170	1
946	162	171	1
947	163	168	1
948	164	189	1
949	165	170	1
950	165	180	1
951	166	175	1
952	167	183	1
953	168	171	1
954	168	187	1
955	168	195	1
956	169	171	1
957	169	179	1
958	169	194	1
959	170	186	1
960	170	195	1
961	171	175	1
962	172	177	1
963	172	179	1
964	172	190	1
965	173	183	1
966	175	180	1
967	176	197	1
968	178	182	1
969	178	195	1
970	179	182	1
971	179	189	1
972	182	186	1
973	182	194	1
974	183	185	1
975	183	197	1
976	184	194	1
977	186	195	1
978	192	193	1
979	196	198	1
