Link_index	Source	Destination	Capacity(kbps)
0	0	2	1
1	0	3	1
2	0	5	1
3	0	7	1
4	0	13	1
5	0	14	1
6	0	18	1
7	0	20	1
8	0	21	1
9	0	58	1
10	0	62	1
11	0	66	1
12	0	87	1
13	0	112	1
14	0	117	1
15	0	121	1
16	0	136	1
17	0	138	1
18	0	139	1
19	0	146	1
20	0	149	1
21	0	156	1
22	0	158	1
23	0	178	1
24	0	184	1
25	0	185	1
26	0	196	1
27	1	2	1
28	1	6	1
29	1	15	1
30	1	76	1
31	1	86	1
32	1	171	1
33	2	3	1
34	2	4	1
35	2	8	1
36	2	10	1
37	2	16	1
38	2	20	1
39	2	24	1
40	2	27	1
41	2	30	1
42	2	33	1
43	2	39	1
44	2	40	1
45	2	43	1
46	2	48	1
47	2	55	1
48	2	83	1
49	2	89	1
50	2	122	1
51	2	212	1
52	3	4	1
53	3	5	1
54	3	6	1
55	3	7	1
56	3	10	1
57	3	11	1
58	3	17	1
59	3	18	1
60	3	26	1
61	3	31	1
62	3	37	1
63	3	44	1
64	3	45	1
65	3	46	1
66	3	54	1
67	3	81	1
68	3	101	1
69	3	105	1
70	3	107	1
71	3	111	1
72	3	137	1
73	3	145	1
74	3	161	1
75	3	175	1
76	3	190	1
77	3	198	1
78	3	202	1
79	4	8	1
80	4	11	1
81	4	68	1
82	4	115	1
83	4	147	1
84	5	9	1
85	5	12	1
86	5	15	1
87	5	19	1
88	5	28	1
89	5	34	1
90	5	43	1
91	5	51	1
92	5	67	1
93	5	70	1
94	5	100	1
95	5	102	1
96	5	118	1
97	5	131	1
98	5	170	1
99	5	184	1
100	6	21	1
101	6	27	1
102	6	56	1
103	6	61	1
104	6	77	1
105	6	79	1
106	6	112	1
107	6	118	1
108	6	203	1
109	6	209	1
110	7	22	1
111	7	52	1
112	7	104	1
113	7	141	1
114	8	9	1
115	8	36	1
116	8	77	1
117	8	91	1
118	8	121	1
119	8	145	1
120	9	13	1
121	9	19	1
122	9	64	1
123	9	80	1
124	9	115	1
125	9	120	1
126	9	127	1
127	10	75	1
128	10	108	1
129	11	12	1
130	11	25	1
131	11	29	1
132	11	32	1
133	11	34	1
134	11	35	1
135	11	47	1
136	11	49	1
137	11	51	1
138	11	60	1
139	11	68	1
140	11	85	1
141	11	91	1
142	11	93	1
143	11	95	1
144	11	98	1
145	11	109	1
146	11	113	1
147	11	117	1
148	11	128	1
149	11	142	1
150	11	169	1
151	11	176	1
152	11	180	1
153	11	187	1
154	11	208	1
155	11	219	1
156	12	14	1
157	12	22	1
158	12	23	1
159	12	30	1
160	12	55	1
161	12	65	1
162	12	82	1
163	12	87	1
164	12	89	1
165	12	114	1
166	12	137	1
167	12	165	1
168	12	181	1
169	12	182	1
170	12	187	1
171	12	201	1
172	12	209	1
173	12	219	1
174	13	16	1
175	13	23	1
176	13	44	1
177	13	61	1
178	14	24	1
179	14	28	1
180	14	37	1
181	14	54	1
182	14	71	1
183	14	72	1
184	14	123	1
185	14	124	1
186	14	130	1
187	14	131	1
188	14	147	1
189	14	167	1
190	15	17	1
191	15	63	1
192	15	80	1
193	15	88	1
194	15	90	1
195	15	126	1
196	15	140	1
197	15	146	1
198	15	160	1
199	16	84	1
200	17	31	1
201	17	32	1
202	17	72	1
203	17	90	1
204	17	96	1
205	17	143	1
206	18	39	1
207	19	41	1
208	19	42	1
209	19	50	1
210	19	88	1
211	19	135	1
212	19	152	1
213	19	216	1
214	20	59	1
215	20	81	1
216	20	94	1
217	20	97	1
218	20	99	1
219	20	104	1
220	20	133	1
221	20	177	1
222	20	182	1
223	20	186	1
224	20	189	1
225	20	206	1
226	21	36	1
227	21	53	1
228	21	57	1
229	21	71	1
230	21	92	1
231	21	106	1
232	21	127	1
233	21	144	1
234	21	157	1
235	21	162	1
236	21	167	1
237	21	194	1
238	22	130	1
239	23	25	1
240	23	47	1
241	23	120	1
242	23	155	1
243	24	29	1
244	24	52	1
245	24	142	1
246	24	150	1
247	24	160	1
248	24	215	1
249	25	26	1
250	25	33	1
251	25	40	1
252	25	50	1
253	25	63	1
254	25	150	1
255	25	171	1
256	25	188	1
257	25	211	1
258	26	35	1
259	26	57	1
260	26	75	1
261	26	124	1
262	27	38	1
263	27	59	1
264	28	48	1
265	28	151	1
266	28	180	1
267	29	84	1
268	30	62	1
269	30	103	1
270	31	42	1
271	31	56	1
272	31	82	1
273	31	116	1
274	31	166	1
275	31	170	1
276	32	49	1
277	32	65	1
278	32	108	1
279	32	196	1
280	33	38	1
281	33	45	1
282	33	96	1
283	33	148	1
284	33	152	1
285	35	73	1
286	37	156	1
287	38	41	1
288	38	46	1
289	38	53	1
290	38	64	1
291	38	69	1
292	38	83	1
293	38	92	1
294	38	98	1
295	38	134	1
296	38	148	1
297	38	154	1
298	38	199	1
299	38	213	1
300	40	166	1
301	40	206	1
302	42	74	1
303	42	157	1
304	43	126	1
305	43	186	1
306	44	119	1
307	44	203	1
308	46	66	1
309	46	67	1
310	46	70	1
311	46	100	1
312	46	151	1
313	47	58	1
314	47	60	1
315	47	85	1
316	47	101	1
317	47	106	1
318	47	125	1
319	47	192	1
320	47	210	1
321	48	73	1
322	48	216	1
323	49	79	1
324	49	175	1
325	49	214	1
326	50	149	1
327	51	69	1
328	51	172	1
329	52	188	1
330	52	218	1
331	53	161	1
332	53	197	1
333	54	78	1
334	55	97	1
335	55	158	1
336	55	174	1
337	55	177	1
338	55	192	1
339	55	201	1
340	56	107	1
341	56	125	1
342	56	129	1
343	56	183	1
344	57	129	1
345	57	200	1
346	59	76	1
347	59	153	1
348	59	179	1
349	59	181	1
350	59	191	1
351	61	105	1
352	61	164	1
353	61	176	1
354	62	153	1
355	63	74	1
356	64	191	1
357	67	78	1
358	67	95	1
359	67	99	1
360	67	109	1
361	67	113	1
362	69	110	1
363	70	102	1
364	72	205	1
365	72	213	1
366	73	93	1
367	73	189	1
368	73	215	1
369	74	119	1
370	74	133	1
371	75	94	1
372	76	155	1
373	76	163	1
374	81	86	1
375	81	110	1
376	82	116	1
377	83	132	1
378	83	173	1
379	83	190	1
380	84	164	1
381	84	207	1
382	84	211	1
383	85	159	1
384	90	103	1
385	90	195	1
386	92	111	1
387	93	204	1
388	94	159	1
389	94	193	1
390	94	217	1
391	96	132	1
392	96	162	1
393	97	154	1
394	99	174	1
395	101	179	1
396	103	128	1
397	103	165	1
398	104	195	1
399	108	217	1
400	109	140	1
401	109	144	1
402	110	122	1
403	110	169	1
404	112	114	1
405	112	212	1
406	115	136	1
407	115	207	1
408	117	123	1
409	118	204	1
410	121	134	1
411	121	218	1
412	123	163	1
413	126	178	1
414	128	138	1
415	128	139	1
416	133	135	1
417	137	141	1
418	141	143	1
419	141	172	1
420	144	168	1
421	144	183	1
422	145	199	1
423	154	198	1
424	156	173	1
425	157	197	1
426	161	168	1
427	161	208	1
428	163	194	1
429	168	185	1
430	172	210	1
431	187	193	1
432	193	200	1
433	197	202	1
434	200	214	1
435	201	205	1
