Link_index	Source	Destination	Capacity(kbps)
0	0	5	1
1	0	6	1
2	0	17	1
3	0	28	1
4	0	39	1
5	0	41	1
6	0	50	1
7	0	64	1
8	0	67	1
9	0	69	1
10	0	75	1
11	0	76	1
12	0	84	1
13	0	89	1
14	0	112	1
15	0	115	1
16	0	120	1
17	0	127	1
18	1	15	1
19	1	29	1
20	1	37	1
21	1	38	1
22	1	40	1
23	1	50	1
24	1	52	1
25	1	56	1
26	1	63	1
27	1	81	1
28	1	96	1
29	1	108	1
30	1	113	1
31	1	130	1
32	1	134	1
33	2	28	1
34	2	38	1
35	2	42	1
36	2	46	1
37	2	49	1
38	2	51	1
39	2	67	1
40	2	68	1
41	2	76	1
42	2	80	1
43	2	84	1
44	2	87	1
45	2	113	1
46	2	127	1
47	2	129	1
48	2	130	1
49	2	133	1
50	3	5	1
51	3	9	1
52	3	30	1
53	3	35	1
54	3	43	1
55	3	52	1
56	3	61	1
57	3	69	1
58	3	79	1
59	3	88	1
60	3	91	1
61	3	96	1
62	3	103	1
63	3	112	1
64	3	121	1
65	3	125	1
66	3	133	1
67	3	135	1
68	4	13	1
69	4	16	1
70	4	18	1
71	4	46	1
72	4	48	1
73	4	62	1
74	4	76	1
75	4	109	1
76	4	138	1
77	5	6	1
78	5	13	1
79	5	17	1
80	5	48	1
81	5	54	1
82	5	57	1
83	5	94	1
84	5	111	1
85	5	116	1
86	5	135	1
87	5	136	1
88	5	139	1
89	6	21	1
90	6	22	1
91	6	30	1
92	6	33	1
93	6	44	1
94	6	56	1
95	6	58	1
96	6	75	1
97	6	83	1
98	6	91	1
99	6	101	1
100	6	107	1
101	6	111	1
102	6	113	1
103	6	127	1
104	6	135	1
105	6	136	1
106	7	26	1
107	7	44	1
108	7	66	1
109	7	68	1
110	7	92	1
111	7	107	1
112	7	111	1
113	7	125	1
114	7	130	1
115	7	136	1
116	8	9	1
117	8	12	1
118	8	24	1
119	8	26	1
120	8	39	1
121	8	40	1
122	8	57	1
123	8	61	1
124	8	62	1
125	8	67	1
126	8	71	1
127	8	73	1
128	8	101	1
129	8	103	1
130	8	114	1
131	8	117	1
132	8	130	1
133	8	132	1
134	9	40	1
135	9	72	1
136	9	74	1
137	9	95	1
138	9	98	1
139	9	120	1
140	10	14	1
141	10	23	1
142	10	42	1
143	10	56	1
144	10	73	1
145	10	81	1
146	10	85	1
147	10	99	1
148	10	100	1
149	10	101	1
150	10	105	1
151	10	106	1
152	10	110	1
153	10	112	1
154	10	113	1
155	10	126	1
156	10	129	1
157	10	131	1
158	11	15	1
159	11	16	1
160	11	20	1
161	11	35	1
162	11	41	1
163	11	42	1
164	11	43	1
165	11	47	1
166	11	58	1
167	11	64	1
168	11	68	1
169	11	84	1
170	11	92	1
171	11	106	1
172	11	112	1
173	11	115	1
174	11	117	1
175	11	118	1
176	12	23	1
177	12	66	1
178	12	69	1
179	12	80	1
180	12	98	1
181	12	101	1
182	12	111	1
183	12	132	1
184	13	20	1
185	13	21	1
186	13	42	1
187	13	57	1
188	13	60	1
189	13	69	1
190	13	93	1
191	13	102	1
192	13	111	1
193	13	112	1
194	13	123	1
195	14	17	1
196	14	19	1
197	14	28	1
198	14	47	1
199	14	61	1
200	14	64	1
201	14	79	1
202	14	82	1
203	14	86	1
204	14	90	1
205	14	98	1
206	14	116	1
207	14	126	1
208	14	138	1
209	15	21	1
210	15	26	1
211	15	39	1
212	15	57	1
213	15	66	1
214	15	78	1
215	15	80	1
216	15	94	1
217	15	126	1
218	15	129	1
219	15	138	1
220	16	38	1
221	16	44	1
222	16	60	1
223	16	71	1
224	16	84	1
225	16	86	1
226	16	121	1
227	16	129	1
228	17	21	1
229	17	24	1
230	17	27	1
231	17	31	1
232	17	35	1
233	17	36	1
234	17	50	1
235	17	52	1
236	17	57	1
237	17	82	1
238	17	90	1
239	17	111	1
240	17	115	1
241	17	130	1
242	18	19	1
243	18	21	1
244	18	22	1
245	18	27	1
246	18	66	1
247	18	75	1
248	18	77	1
249	18	111	1
250	18	113	1
251	18	116	1
252	18	125	1
253	18	127	1
254	19	26	1
255	19	35	1
256	19	51	1
257	19	55	1
258	19	81	1
259	19	95	1
260	19	112	1
261	19	125	1
262	19	130	1
263	19	132	1
264	20	25	1
265	20	29	1
266	20	40	1
267	20	52	1
268	20	73	1
269	20	85	1
270	20	103	1
271	21	22	1
272	21	27	1
273	21	36	1
274	21	43	1
275	21	48	1
276	21	50	1
277	21	71	1
278	21	83	1
279	21	91	1
280	21	96	1
281	21	103	1
282	21	108	1
283	21	116	1
284	21	122	1
285	21	124	1
286	21	138	1
287	22	43	1
288	22	52	1
289	22	54	1
290	22	81	1
291	22	87	1
292	22	95	1
293	22	98	1
294	22	111	1
295	23	27	1
296	23	32	1
297	23	43	1
298	23	44	1
299	23	54	1
300	23	66	1
301	23	80	1
302	23	90	1
303	23	98	1
304	23	104	1
305	23	112	1
306	23	116	1
307	24	37	1
308	24	42	1
309	24	46	1
310	24	63	1
311	24	74	1
312	24	76	1
313	24	94	1
314	24	96	1
315	24	102	1
316	24	103	1
317	24	112	1
318	24	123	1
319	24	134	1
320	24	136	1
321	25	32	1
322	25	42	1
323	25	57	1
324	25	59	1
325	25	68	1
326	25	77	1
327	25	79	1
328	25	88	1
329	25	95	1
330	25	101	1
331	25	106	1
332	25	118	1
333	25	129	1
334	26	32	1
335	26	38	1
336	26	40	1
337	26	49	1
338	26	51	1
339	26	56	1
340	26	60	1
341	26	93	1
342	26	96	1
343	26	99	1
344	26	122	1
345	26	123	1
346	27	28	1
347	27	44	1
348	27	47	1
349	27	58	1
350	27	70	1
351	27	109	1
352	27	115	1
353	27	119	1
354	27	130	1
355	27	133	1
356	27	134	1
357	27	135	1
358	27	138	1
359	28	36	1
360	28	37	1
361	28	62	1
362	28	87	1
363	28	92	1
364	28	94	1
365	28	100	1
366	28	101	1
367	28	105	1
368	28	138	1
369	29	32	1
370	29	55	1
371	29	58	1
372	29	59	1
373	29	60	1
374	29	66	1
375	29	70	1
376	29	88	1
377	29	89	1
378	29	94	1
379	29	98	1
380	29	102	1
381	29	111	1
382	29	112	1
383	29	120	1
384	29	126	1
385	30	41	1
386	30	48	1
387	30	51	1
388	30	54	1
389	30	63	1
390	30	74	1
391	30	77	1
392	30	86	1
393	30	96	1
394	30	109	1
395	30	110	1
396	30	126	1
397	30	136	1
398	31	35	1
399	31	41	1
400	31	46	1
401	31	48	1
402	31	52	1
403	31	55	1
404	31	61	1
405	31	62	1
406	31	68	1
407	31	81	1
408	31	131	1
409	31	132	1
410	31	134	1
411	31	135	1
412	32	42	1
413	32	47	1
414	32	52	1
415	32	53	1
416	32	75	1
417	32	94	1
418	32	103	1
419	32	132	1
420	32	136	1
421	32	138	1
422	32	139	1
423	33	45	1
424	33	50	1
425	33	62	1
426	33	95	1
427	33	96	1
428	33	106	1
429	33	112	1
430	33	115	1
431	33	123	1
432	33	124	1
433	33	128	1
434	33	137	1
435	34	41	1
436	34	64	1
437	34	65	1
438	34	78	1
439	34	83	1
440	34	96	1
441	34	99	1
442	34	107	1
443	34	110	1
444	34	116	1
445	34	131	1
446	35	67	1
447	35	76	1
448	35	78	1
449	35	98	1
450	35	121	1
451	36	41	1
452	36	48	1
453	36	51	1
454	36	54	1
455	36	62	1
456	36	70	1
457	36	83	1
458	36	86	1
459	36	87	1
460	36	108	1
461	36	121	1
462	36	137	1
463	37	43	1
464	37	49	1
465	37	53	1
466	37	55	1
467	37	67	1
468	37	81	1
469	37	99	1
470	37	109	1
471	37	115	1
472	37	117	1
473	38	40	1
474	38	44	1
475	38	57	1
476	38	67	1
477	38	68	1
478	38	75	1
479	38	97	1
480	38	99	1
481	38	108	1
482	38	127	1
483	39	49	1
484	39	59	1
485	39	63	1
486	39	79	1
487	39	96	1
488	39	97	1
489	40	47	1
490	40	62	1
491	40	74	1
492	40	88	1
493	40	89	1
494	40	96	1
495	40	110	1
496	40	132	1
497	40	137	1
498	41	42	1
499	41	56	1
500	41	60	1
501	41	70	1
502	41	78	1
503	41	86	1
504	41	89	1
505	41	97	1
506	41	106	1
507	41	117	1
508	41	120	1
509	41	139	1
510	42	45	1
511	42	48	1
512	42	60	1
513	42	67	1
514	42	82	1
515	42	98	1
516	42	127	1
517	42	134	1
518	42	136	1
519	43	61	1
520	43	75	1
521	43	86	1
522	43	100	1
523	43	109	1
524	43	131	1
525	44	49	1
526	44	53	1
527	44	78	1
528	44	79	1
529	44	115	1
530	44	124	1
531	44	127	1
532	45	83	1
533	45	87	1
534	45	88	1
535	45	96	1
536	45	122	1
537	45	129	1
538	46	58	1
539	46	65	1
540	46	102	1
541	46	110	1
542	46	127	1
543	46	134	1
544	46	138	1
545	47	50	1
546	47	59	1
547	47	61	1
548	47	78	1
549	47	103	1
550	47	107	1
551	48	53	1
552	48	54	1
553	48	57	1
554	48	67	1
555	48	75	1
556	48	79	1
557	48	80	1
558	48	90	1
559	48	95	1
560	48	99	1
561	48	102	1
562	48	105	1
563	48	108	1
564	48	130	1
565	49	53	1
566	49	75	1
567	49	85	1
568	49	109	1
569	49	118	1
570	49	127	1
571	49	131	1
572	50	59	1
573	50	60	1
574	50	62	1
575	50	79	1
576	50	80	1
577	50	83	1
578	50	100	1
579	50	105	1
580	50	124	1
581	50	126	1
582	51	58	1
583	51	66	1
584	51	70	1
585	51	90	1
586	51	92	1
587	51	104	1
588	51	109	1
589	51	110	1
590	51	130	1
591	51	131	1
592	52	60	1
593	52	63	1
594	52	75	1
595	52	76	1
596	52	106	1
597	52	111	1
598	52	123	1
599	52	126	1
600	52	129	1
601	53	55	1
602	53	67	1
603	53	79	1
604	53	83	1
605	53	87	1
606	53	93	1
607	53	105	1
608	53	107	1
609	53	117	1
610	53	122	1
611	53	125	1
612	53	131	1
613	53	132	1
614	53	135	1
615	54	58	1
616	54	66	1
617	54	70	1
618	54	80	1
619	54	90	1
620	54	126	1
621	55	75	1
622	55	84	1
623	55	111	1
624	55	112	1
625	55	113	1
626	55	114	1
627	55	118	1
628	55	126	1
629	55	133	1
630	55	135	1
631	56	61	1
632	56	64	1
633	56	89	1
634	56	90	1
635	56	92	1
636	56	93	1
637	56	107	1
638	56	108	1
639	56	126	1
640	56	130	1
641	57	68	1
642	57	69	1
643	57	89	1
644	57	93	1
645	57	98	1
646	57	110	1
647	57	112	1
648	57	114	1
649	57	118	1
650	58	78	1
651	58	80	1
652	58	85	1
653	58	124	1
654	58	132	1
655	59	72	1
656	59	94	1
657	59	95	1
658	59	100	1
659	59	103	1
660	59	112	1
661	59	130	1
662	59	139	1
663	60	74	1
664	60	92	1
665	60	93	1
666	60	102	1
667	60	116	1
668	60	135	1
669	60	136	1
670	61	63	1
671	61	76	1
672	61	89	1
673	61	102	1
674	61	111	1
675	61	124	1
676	61	133	1
677	62	68	1
678	62	76	1
679	62	84	1
680	62	101	1
681	62	102	1
682	62	105	1
683	62	112	1
684	62	117	1
685	62	131	1
686	62	134	1
687	63	87	1
688	63	88	1
689	63	90	1
690	63	93	1
691	63	96	1
692	63	100	1
693	63	114	1
694	63	119	1
695	63	139	1
696	64	71	1
697	64	76	1
698	64	83	1
699	64	87	1
700	64	102	1
701	64	114	1
702	64	122	1
703	64	126	1
704	65	66	1
705	65	76	1
706	65	93	1
707	65	94	1
708	65	98	1
709	65	99	1
710	65	100	1
711	65	127	1
712	65	131	1
713	65	133	1
714	66	88	1
715	66	109	1
716	66	126	1
717	66	133	1
718	66	138	1
719	67	74	1
720	67	78	1
721	67	81	1
722	67	94	1
723	67	113	1
724	67	130	1
725	68	78	1
726	68	93	1
727	68	114	1
728	68	131	1
729	69	73	1
730	69	97	1
731	69	110	1
732	69	128	1
733	69	135	1
734	70	78	1
735	70	80	1
736	70	87	1
737	70	98	1
738	70	111	1
739	70	113	1
740	70	119	1
741	70	120	1
742	70	122	1
743	70	126	1
744	70	134	1
745	71	76	1
746	71	88	1
747	71	105	1
748	71	111	1
749	71	118	1
750	71	123	1
751	72	76	1
752	72	81	1
753	72	82	1
754	72	99	1
755	72	114	1
756	72	119	1
757	72	130	1
758	73	79	1
759	73	98	1
760	73	105	1
761	73	107	1
762	73	110	1
763	73	135	1
764	74	87	1
765	74	108	1
766	74	110	1
767	74	112	1
768	74	117	1
769	74	118	1
770	74	127	1
771	75	105	1
772	75	107	1
773	75	109	1
774	75	111	1
775	75	112	1
776	75	113	1
777	75	114	1
778	75	124	1
779	76	84	1
780	76	96	1
781	76	105	1
782	77	92	1
783	77	98	1
784	77	113	1
785	77	122	1
786	77	123	1
787	77	128	1
788	78	81	1
789	78	84	1
790	78	93	1
791	79	82	1
792	79	109	1
793	79	111	1
794	79	130	1
795	79	134	1
796	80	84	1
797	80	91	1
798	80	93	1
799	80	95	1
800	80	116	1
801	80	118	1
802	80	127	1
803	80	135	1
804	80	139	1
805	81	85	1
806	81	109	1
807	82	83	1
808	82	96	1
809	82	99	1
810	82	105	1
811	82	117	1
812	82	119	1
813	82	128	1
814	83	101	1
815	83	105	1
816	83	109	1
817	83	131	1
818	83	135	1
819	83	136	1
820	84	93	1
821	84	115	1
822	84	120	1
823	85	98	1
824	85	116	1
825	85	123	1
826	85	127	1
827	85	133	1
828	85	139	1
829	86	97	1
830	86	120	1
831	86	125	1
832	86	128	1
833	86	137	1
834	87	94	1
835	87	109	1
836	87	115	1
837	88	92	1
838	88	106	1
839	88	137	1
840	89	98	1
841	89	101	1
842	89	123	1
843	89	125	1
844	89	133	1
845	90	92	1
846	90	135	1
847	90	137	1
848	90	139	1
849	91	92	1
850	91	101	1
851	91	104	1
852	92	96	1
853	92	99	1
854	92	117	1
855	92	123	1
856	93	96	1
857	93	117	1
858	93	129	1
859	93	133	1
860	94	102	1
861	94	122	1
862	94	132	1
863	95	97	1
864	95	99	1
865	95	118	1
866	95	139	1
867	96	115	1
868	96	117	1
869	96	129	1
870	96	132	1
871	96	135	1
872	96	137	1
873	96	139	1
874	97	115	1
875	97	123	1
876	97	134	1
877	97	138	1
878	97	139	1
879	98	106	1
880	98	112	1
881	98	116	1
882	98	121	1
883	98	126	1
884	98	136	1
885	98	139	1
886	99	103	1
887	99	107	1
888	99	116	1
889	99	117	1
890	99	137	1
891	100	109	1
892	100	125	1
893	101	114	1
894	101	119	1
895	102	130	1
896	102	132	1
897	102	138	1
898	103	114	1
899	103	122	1
900	103	130	1
901	104	105	1
902	104	110	1
903	105	110	1
904	105	127	1
905	105	134	1
906	105	135	1
907	105	137	1
908	105	139	1
909	106	109	1
910	106	110	1
911	106	134	1
912	106	136	1
913	107	116	1
914	107	127	1
915	107	133	1
916	108	110	1
917	108	126	1
918	109	122	1
919	109	133	1
920	109	137	1
921	110	112	1
922	110	116	1
923	110	123	1
924	110	132	1
925	111	113	1
926	111	125	1
927	112	113	1
928	112	115	1
929	113	121	1
930	113	132	1
931	114	122	1
932	114	124	1
933	115	137	1
934	116	126	1
935	116	130	1
936	116	139	1
937	117	133	1
938	117	139	1
939	118	123	1
940	118	124	1
941	118	127	1
942	118	129	1
943	119	124	1
944	120	126	1
945	121	122	1
946	121	128	1
947	121	130	1
948	121	138	1
949	122	131	1
950	122	133	1
951	123	127	1
952	123	131	1
953	124	128	1
954	125	129	1
955	125	132	1
956	125	138	1
957	126	132	1
958	127	131	1
959	127	134	1
960	128	139	1
961	129	133	1
962	129	137	1
963	133	134	1
