Link_index	Source	Destination	Capacity(kbps)
0	0	1	1
1	0	4	1
2	0	9	1
3	0	13	1
4	0	24	1
5	0	31	1
6	0	43	1
7	0	46	1
8	0	48	1
9	0	54	1
10	0	55	1
11	0	62	1
12	0	65	1
13	0	75	1
14	0	81	1
15	0	83	1
16	0	106	1
17	0	121	1
18	0	137	1
19	0	171	1
20	0	177	1
21	0	189	1
22	0	194	1
23	1	34	1
24	1	36	1
25	1	39	1
26	1	46	1
27	1	51	1
28	1	65	1
29	1	69	1
30	1	73	1
31	1	87	1
32	1	96	1
33	1	97	1
34	1	117	1
35	1	127	1
36	1	132	1
37	1	136	1
38	1	159	1
39	1	161	1
40	1	167	1
41	1	171	1
42	1	176	1
43	1	177	1
44	1	187	1
45	1	191	1
46	2	5	1
47	2	13	1
48	2	15	1
49	2	36	1
50	2	46	1
51	2	61	1
52	2	64	1
53	2	84	1
54	2	92	1
55	2	96	1
56	2	112	1
57	2	116	1
58	2	120	1
59	2	131	1
60	2	147	1
61	2	154	1
62	2	156	1
63	2	168	1
64	2	170	1
65	2	198	1
66	3	10	1
67	3	13	1
68	3	20	1
69	3	26	1
70	3	38	1
71	3	39	1
72	3	60	1
73	3	68	1
74	3	77	1
75	3	86	1
76	3	90	1
77	3	119	1
78	3	122	1
79	3	129	1
80	3	131	1
81	3	136	1
82	3	139	1
83	3	164	1
84	3	181	1
85	3	188	1
86	4	11	1
87	4	12	1
88	4	18	1
89	4	24	1
90	4	36	1
91	4	38	1
92	4	64	1
93	4	65	1
94	4	78	1
95	4	96	1
96	4	112	1
97	4	131	1
98	4	136	1
99	4	143	1
100	4	145	1
101	4	170	1
102	4	177	1
103	4	181	1
104	4	183	1
105	4	188	1
106	5	8	1
107	5	52	1
108	5	58	1
109	5	64	1
110	5	80	1
111	5	84	1
112	5	102	1
113	5	123	1
114	5	126	1
115	5	134	1
116	5	135	1
117	5	156	1
118	5	166	1
119	5	174	1
120	6	14	1
121	6	15	1
122	6	29	1
123	6	37	1
124	6	48	1
125	6	49	1
126	6	75	1
127	6	82	1
128	6	86	1
129	6	102	1
130	6	105	1
131	6	114	1
132	6	122	1
133	6	123	1
134	6	128	1
135	6	132	1
136	6	136	1
137	6	176	1
138	6	178	1
139	6	190	1
140	7	13	1
141	7	15	1
142	7	17	1
143	7	20	1
144	7	28	1
145	7	31	1
146	7	54	1
147	7	79	1
148	7	84	1
149	7	99	1
150	7	105	1
151	7	108	1
152	7	137	1
153	7	146	1
154	7	151	1
155	7	155	1
156	7	162	1
157	7	165	1
158	7	168	1
159	7	169	1
160	7	172	1
161	7	174	1
162	7	178	1
163	7	189	1
164	7	196	1
165	7	197	1
166	7	198	1
167	8	15	1
168	8	23	1
169	8	25	1
170	8	35	1
171	8	39	1
172	8	49	1
173	8	55	1
174	8	57	1
175	8	84	1
176	8	85	1
177	8	86	1
178	8	94	1
179	8	98	1
180	8	116	1
181	8	122	1
182	8	154	1
183	8	160	1
184	8	161	1
185	8	162	1
186	8	164	1
187	8	170	1
188	8	173	1
189	8	175	1
190	8	178	1
191	8	190	1
192	8	192	1
193	9	15	1
194	9	24	1
195	9	26	1
196	9	56	1
197	9	62	1
198	9	67	1
199	9	68	1
200	9	76	1
201	9	78	1
202	9	83	1
203	9	103	1
204	9	126	1
205	9	130	1
206	9	133	1
207	9	137	1
208	9	149	1
209	9	152	1
210	9	154	1
211	9	157	1
212	9	163	1
213	9	164	1
214	9	168	1
215	9	171	1
216	9	194	1
217	9	198	1
218	10	11	1
219	10	20	1
220	10	33	1
221	10	37	1
222	10	51	1
223	10	53	1
224	10	63	1
225	10	71	1
226	10	73	1
227	10	88	1
228	10	100	1
229	10	102	1
230	10	120	1
231	10	123	1
232	10	145	1
233	10	153	1
234	10	161	1
235	10	167	1
236	10	168	1
237	10	170	1
238	10	179	1
239	10	185	1
240	10	188	1
241	10	190	1
242	11	18	1
243	11	27	1
244	11	56	1
245	11	74	1
246	11	75	1
247	11	78	1
248	11	83	1
249	11	98	1
250	11	116	1
251	11	117	1
252	11	119	1
253	11	120	1
254	11	138	1
255	11	139	1
256	11	158	1
257	11	172	1
258	11	174	1
259	11	183	1
260	11	185	1
261	11	186	1
262	11	189	1
263	11	193	1
264	12	17	1
265	12	23	1
266	12	28	1
267	12	34	1
268	12	45	1
269	12	52	1
270	12	57	1
271	12	58	1
272	12	73	1
273	12	76	1
274	12	100	1
275	12	101	1
276	12	105	1
277	12	116	1
278	12	144	1
279	12	149	1
280	12	150	1
281	12	195	1
282	13	16	1
283	13	18	1
284	13	30	1
285	13	51	1
286	13	56	1
287	13	58	1
288	13	59	1
289	13	69	1
290	13	77	1
291	13	93	1
292	13	96	1
293	13	101	1
294	13	110	1
295	13	111	1
296	13	112	1
297	13	148	1
298	13	150	1
299	13	151	1
300	13	189	1
301	13	190	1
302	13	197	1
303	14	19	1
304	14	25	1
305	14	27	1
306	14	39	1
307	14	44	1
308	14	56	1
309	14	70	1
310	14	90	1
311	14	94	1
312	14	101	1
313	14	107	1
314	14	113	1
315	14	118	1
316	14	121	1
317	14	123	1
318	14	125	1
319	14	132	1
320	14	133	1
321	14	138	1
322	14	140	1
323	14	145	1
324	14	157	1
325	14	166	1
326	14	190	1
327	15	24	1
328	15	32	1
329	15	40	1
330	15	44	1
331	15	65	1
332	15	73	1
333	15	76	1
334	15	88	1
335	15	99	1
336	15	106	1
337	15	109	1
338	15	116	1
339	15	142	1
340	15	174	1
341	15	189	1
342	15	199	1
343	16	22	1
344	16	24	1
345	16	41	1
346	16	44	1
347	16	52	1
348	16	61	1
349	16	62	1
350	16	70	1
351	16	76	1
352	16	83	1
353	16	106	1
354	16	107	1
355	16	109	1
356	16	126	1
357	16	127	1
358	16	131	1
359	16	137	1
360	16	142	1
361	16	143	1
362	16	153	1
363	16	169	1
364	16	173	1
365	16	184	1
366	16	198	1
367	17	24	1
368	17	25	1
369	17	51	1
370	17	58	1
371	17	89	1
372	17	95	1
373	17	96	1
374	17	99	1
375	17	112	1
376	17	127	1
377	17	130	1
378	17	136	1
379	17	144	1
380	17	147	1
381	17	158	1
382	17	163	1
383	17	173	1
384	17	176	1
385	17	183	1
386	17	194	1
387	18	21	1
388	18	26	1
389	18	31	1
390	18	40	1
391	18	44	1
392	18	45	1
393	18	50	1
394	18	54	1
395	18	62	1
396	18	67	1
397	18	74	1
398	18	76	1
399	18	78	1
400	18	89	1
401	18	116	1
402	18	131	1
403	18	133	1
404	18	150	1
405	18	155	1
406	18	169	1
407	18	185	1
408	18	199	1
409	19	30	1
410	19	37	1
411	19	41	1
412	19	43	1
413	19	46	1
414	19	51	1
415	19	62	1
416	19	65	1
417	19	67	1
418	19	69	1
419	19	74	1
420	19	86	1
421	19	89	1
422	19	95	1
423	19	101	1
424	19	102	1
425	19	110	1
426	19	118	1
427	19	136	1
428	19	171	1
429	19	179	1
430	19	180	1
431	19	184	1
432	19	193	1
433	20	46	1
434	20	53	1
435	20	55	1
436	20	58	1
437	20	61	1
438	20	66	1
439	20	70	1
440	20	96	1
441	20	98	1
442	20	99	1
443	20	103	1
444	20	106	1
445	20	108	1
446	20	122	1
447	20	128	1
448	20	142	1
449	20	148	1
450	20	162	1
451	20	164	1
452	20	173	1
453	20	176	1
454	20	185	1
455	21	39	1
456	21	43	1
457	21	51	1
458	21	59	1
459	21	64	1
460	21	76	1
461	21	81	1
462	21	82	1
463	21	103	1
464	21	108	1
465	21	120	1
466	21	129	1
467	21	131	1
468	21	161	1
469	21	163	1
470	21	174	1
471	21	196	1
472	22	34	1
473	22	46	1
474	22	64	1
475	22	69	1
476	22	78	1
477	22	86	1
478	22	109	1
479	22	111	1
480	22	114	1
481	22	128	1
482	22	130	1
483	22	144	1
484	22	166	1
485	23	26	1
486	23	29	1
487	23	31	1
488	23	33	1
489	23	37	1
490	23	45	1
491	23	46	1
492	23	61	1
493	23	62	1
494	23	85	1
495	23	87	1
496	23	93	1
497	23	98	1
498	23	99	1
499	23	106	1
500	23	115	1
501	23	130	1
502	23	158	1
503	23	163	1
504	23	171	1
505	23	172	1
506	23	174	1
507	23	176	1
508	23	182	1
509	23	199	1
510	24	49	1
511	24	51	1
512	24	60	1
513	24	65	1
514	24	70	1
515	24	71	1
516	24	93	1
517	24	98	1
518	24	102	1
519	24	108	1
520	24	109	1
521	24	117	1
522	24	124	1
523	24	129	1
524	24	143	1
525	24	145	1
526	24	154	1
527	24	156	1
528	24	166	1
529	24	176	1
530	24	185	1
531	24	192	1
532	25	26	1
533	25	36	1
534	25	39	1
535	25	46	1
536	25	47	1
537	25	54	1
538	25	57	1
539	25	61	1
540	25	81	1
541	25	84	1
542	25	90	1
543	25	97	1
544	25	100	1
545	25	101	1
546	25	110	1
547	25	112	1
548	25	117	1
549	25	128	1
550	25	150	1
551	25	151	1
552	25	155	1
553	25	157	1
554	25	159	1
555	25	173	1
556	25	184	1
557	25	189	1
558	25	190	1
559	26	36	1
560	26	43	1
561	26	45	1
562	26	50	1
563	26	54	1
564	26	55	1
565	26	73	1
566	26	79	1
567	26	86	1
568	26	89	1
569	26	90	1
570	26	96	1
571	26	101	1
572	26	106	1
573	26	111	1
574	26	122	1
575	26	130	1
576	26	173	1
577	26	175	1
578	26	176	1
579	26	177	1
580	26	178	1
581	26	195	1
582	27	59	1
583	27	71	1
584	27	78	1
585	27	84	1
586	27	89	1
587	27	90	1
588	27	110	1
589	27	178	1
590	27	180	1
591	27	190	1
592	27	193	1
593	28	31	1
594	28	80	1
595	28	85	1
596	28	98	1
597	28	119	1
598	28	168	1
599	28	187	1
600	28	193	1
601	29	55	1
602	29	94	1
603	29	97	1
604	29	111	1
605	29	113	1
606	29	124	1
607	29	129	1
608	29	149	1
609	29	155	1
610	29	158	1
611	29	159	1
612	29	163	1
613	29	183	1
614	29	194	1
615	30	32	1
616	30	37	1
617	30	39	1
618	30	57	1
619	30	74	1
620	30	77	1
621	30	89	1
622	30	91	1
623	30	92	1
624	30	96	1
625	30	98	1
626	30	104	1
627	30	109	1
628	30	114	1
629	30	115	1
630	30	122	1
631	30	126	1
632	30	132	1
633	30	135	1
634	30	154	1
635	30	158	1
636	30	170	1
637	30	194	1
638	30	198	1
639	30	199	1
640	31	49	1
641	31	57	1
642	31	61	1
643	31	67	1
644	31	70	1
645	31	75	1
646	31	79	1
647	31	98	1
648	31	99	1
649	31	124	1
650	31	129	1
651	31	137	1
652	31	140	1
653	31	143	1
654	31	149	1
655	31	157	1
656	31	174	1
657	31	184	1
658	31	189	1
659	31	197	1
660	32	35	1
661	32	42	1
662	32	50	1
663	32	58	1
664	32	69	1
665	32	87	1
666	32	103	1
667	32	108	1
668	32	114	1
669	32	130	1
670	32	147	1
671	32	148	1
672	32	151	1
673	32	156	1
674	32	174	1
675	32	186	1
676	33	47	1
677	33	80	1
678	33	100	1
679	33	106	1
680	33	107	1
681	33	111	1
682	33	112	1
683	33	121	1
684	33	132	1
685	33	148	1
686	33	159	1
687	33	185	1
688	33	190	1
689	33	197	1
690	34	50	1
691	34	59	1
692	34	73	1
693	34	82	1
694	34	84	1
695	34	85	1
696	34	90	1
697	34	103	1
698	34	109	1
699	34	123	1
700	34	135	1
701	34	152	1
702	34	159	1
703	34	164	1
704	34	176	1
705	34	187	1
706	34	194	1
707	35	48	1
708	35	62	1
709	35	75	1
710	35	83	1
711	35	87	1
712	35	90	1
713	35	100	1
714	35	103	1
715	35	122	1
716	35	125	1
717	35	145	1
718	35	146	1
719	35	147	1
720	35	160	1
721	35	183	1
722	35	191	1
723	35	192	1
724	35	197	1
725	36	37	1
726	36	41	1
727	36	69	1
728	36	77	1
729	36	99	1
730	36	100	1
731	36	107	1
732	36	115	1
733	36	120	1
734	36	136	1
735	36	190	1
736	37	38	1
737	37	52	1
738	37	77	1
739	37	99	1
740	37	101	1
741	37	111	1
742	37	113	1
743	37	130	1
744	37	135	1
745	37	142	1
746	37	163	1
747	37	177	1
748	37	199	1
749	38	52	1
750	38	54	1
751	38	60	1
752	38	64	1
753	38	67	1
754	38	68	1
755	38	96	1
756	38	97	1
757	38	99	1
758	38	125	1
759	38	131	1
760	38	140	1
761	38	145	1
762	38	148	1
763	38	156	1
764	38	159	1
765	38	168	1
766	38	170	1
767	38	179	1
768	38	182	1
769	38	189	1
770	38	198	1
771	38	199	1
772	39	45	1
773	39	48	1
774	39	65	1
775	39	68	1
776	39	84	1
777	39	113	1
778	39	114	1
779	39	130	1
780	39	134	1
781	39	140	1
782	39	150	1
783	39	154	1
784	39	155	1
785	39	164	1
786	39	168	1
787	39	172	1
788	39	173	1
789	39	181	1
790	39	185	1
791	40	93	1
792	40	107	1
793	40	124	1
794	40	131	1
795	40	137	1
796	40	156	1
797	40	159	1
798	40	165	1
799	40	167	1
800	40	175	1
801	40	196	1
802	40	197	1
803	41	48	1
804	41	60	1
805	41	70	1
806	41	74	1
807	41	86	1
808	41	100	1
809	41	124	1
810	41	131	1
811	41	147	1
812	41	165	1
813	41	183	1
814	41	190	1
815	41	196	1
816	41	197	1
817	42	45	1
818	42	50	1
819	42	52	1
820	42	55	1
821	42	59	1
822	42	85	1
823	42	101	1
824	42	103	1
825	42	109	1
826	42	123	1
827	42	129	1
828	42	140	1
829	42	151	1
830	42	156	1
831	42	172	1
832	42	184	1
833	42	187	1
834	42	188	1
835	43	47	1
836	43	51	1
837	43	64	1
838	43	70	1
839	43	90	1
840	43	110	1
841	43	115	1
842	43	120	1
843	43	128	1
844	43	144	1
845	43	146	1
846	43	151	1
847	43	158	1
848	43	179	1
849	43	193	1
850	44	53	1
851	44	56	1
852	44	63	1
853	44	114	1
854	44	118	1
855	44	128	1
856	44	129	1
857	44	133	1
858	44	162	1
859	44	176	1
860	44	184	1
861	44	190	1
862	45	53	1
863	45	55	1
864	45	82	1
865	45	86	1
866	45	88	1
867	45	107	1
868	45	154	1
869	45	174	1
870	45	175	1
871	46	79	1
872	46	85	1
873	46	101	1
874	46	113	1
875	46	122	1
876	46	133	1
877	46	138	1
878	46	139	1
879	46	146	1
880	46	160	1
881	46	186	1
882	46	190	1
883	46	191	1
884	47	53	1
885	47	56	1
886	47	58	1
887	47	89	1
888	47	114	1
889	47	142	1
890	47	152	1
891	47	155	1
892	47	167	1
893	47	189	1
894	47	191	1
895	47	195	1
896	47	197	1
897	48	52	1
898	48	62	1
899	48	68	1
900	48	88	1
901	48	100	1
902	48	101	1
903	48	102	1
904	48	104	1
905	48	111	1
906	48	124	1
907	48	132	1
908	48	158	1
909	48	165	1
910	48	167	1
911	48	172	1
912	48	188	1
913	48	193	1
914	49	50	1
915	49	52	1
916	49	65	1
917	49	79	1
918	49	95	1
919	49	101	1
920	49	116	1
921	49	126	1
922	49	149	1
923	49	157	1
924	49	176	1
925	49	186	1
926	49	187	1
927	50	55	1
928	50	57	1
929	50	105	1
930	50	106	1
931	50	116	1
932	50	135	1
933	50	157	1
934	50	167	1
935	50	168	1
936	50	183	1
937	50	194	1
938	51	79	1
939	51	82	1
940	51	89	1
941	51	93	1
942	51	96	1
943	51	102	1
944	51	110	1
945	51	114	1
946	51	118	1
947	51	125	1
948	51	146	1
949	51	149	1
950	51	151	1
951	51	152	1
952	51	158	1
953	51	163	1
954	51	171	1
955	51	172	1
956	51	177	1
957	51	184	1
958	51	186	1
959	51	199	1
960	52	69	1
961	52	82	1
962	52	88	1
963	52	89	1
964	52	91	1
965	52	92	1
966	52	94	1
967	52	97	1
968	52	99	1
969	52	100	1
970	52	102	1
971	52	131	1
972	52	136	1
973	52	145	1
974	52	153	1
975	52	156	1
976	52	157	1
977	52	162	1
978	52	166	1
979	52	167	1
980	52	170	1
981	52	174	1
982	52	186	1
983	52	190	1
984	52	196	1
985	53	57	1
986	53	76	1
987	53	88	1
988	53	95	1
989	53	112	1
990	53	122	1
991	53	138	1
992	53	140	1
993	53	144	1
994	53	163	1
995	53	178	1
996	53	195	1
997	53	197	1
998	54	60	1
999	54	62	1
1000	54	63	1
1001	54	65	1
1002	54	69	1
1003	54	83	1
1004	54	96	1
1005	54	111	1
1006	54	119	1
1007	54	121	1
1008	54	156	1
1009	54	169	1
1010	54	182	1
1011	54	192	1
1012	54	195	1
1013	54	198	1
1014	55	63	1
1015	55	65	1
1016	55	71	1
1017	55	73	1
1018	55	81	1
1019	55	93	1
1020	55	94	1
1021	55	95	1
1022	55	116	1
1023	55	122	1
1024	55	163	1
1025	55	182	1
1026	55	185	1
1027	55	188	1
1028	55	190	1
1029	55	192	1
1030	56	72	1
1031	56	92	1
1032	56	93	1
1033	56	99	1
1034	56	103	1
1035	56	105	1
1036	56	154	1
1037	56	161	1
1038	56	171	1
1039	56	176	1
1040	56	197	1
1041	56	199	1
1042	57	58	1
1043	57	60	1
1044	57	61	1
1045	57	79	1
1046	57	86	1
1047	57	95	1
1048	57	98	1
1049	57	126	1
1050	57	139	1
1051	57	148	1
1052	58	61	1
1053	58	63	1
1054	58	64	1
1055	58	69	1
1056	58	116	1
1057	58	126	1
1058	58	132	1
1059	58	133	1
1060	58	139	1
1061	58	144	1
1062	58	150	1
1063	58	155	1
1064	58	157	1
1065	58	158	1
1066	58	164	1
1067	58	169	1
1068	58	175	1
1069	58	199	1
1070	59	67	1
1071	59	71	1
1072	59	86	1
1073	59	105	1
1074	59	112	1
1075	59	117	1
1076	59	119	1
1077	59	142	1
1078	59	158	1
1079	59	159	1
1080	59	175	1
1081	59	186	1
1082	59	195	1
1083	60	83	1
1084	60	96	1
1085	60	122	1
1086	60	128	1
1087	60	135	1
1088	60	137	1
1089	60	143	1
1090	60	149	1
1091	60	152	1
1092	60	158	1
1093	60	162	1
1094	60	172	1
1095	60	173	1
1096	60	174	1
1097	61	64	1
1098	61	68	1
1099	61	70	1
1100	61	72	1
1101	61	84	1
1102	61	85	1
1103	61	89	1
1104	61	94	1
1105	61	110	1
1106	61	111	1
1107	61	122	1
1108	61	131	1
1109	61	134	1
1110	61	137	1
1111	61	138	1
1112	61	151	1
1113	61	173	1
1114	61	176	1
1115	61	196	1
1116	62	68	1
1117	62	101	1
1118	62	110	1
1119	62	112	1
1120	62	115	1
1121	62	116	1
1122	62	118	1
1123	62	122	1
1124	62	129	1
1125	62	131	1
1126	62	162	1
1127	62	170	1
1128	62	171	1
1129	62	175	1
1130	62	180	1
1131	62	199	1
1132	63	70	1
1133	63	86	1
1134	63	102	1
1135	63	109	1
1136	63	115	1
1137	63	121	1
1138	63	132	1
1139	63	141	1
1140	63	148	1
1141	63	154	1
1142	63	155	1
1143	63	168	1
1144	63	174	1
1145	63	191	1
1146	63	192	1
1147	63	195	1
1148	63	198	1
1149	64	71	1
1150	64	73	1
1151	64	84	1
1152	64	110	1
1153	64	119	1
1154	64	123	1
1155	64	131	1
1156	64	139	1
1157	64	162	1
1158	64	163	1
1159	64	177	1
1160	64	184	1
1161	65	73	1
1162	65	79	1
1163	65	96	1
1164	65	108	1
1165	65	128	1
1166	65	159	1
1167	65	166	1
1168	65	168	1
1169	65	175	1
1170	65	177	1
1171	65	199	1
1172	66	79	1
1173	66	82	1
1174	66	83	1
1175	66	91	1
1176	66	92	1
1177	66	94	1
1178	66	108	1
1179	66	110	1
1180	66	118	1
1181	66	127	1
1182	66	131	1
1183	66	145	1
1184	66	163	1
1185	66	172	1
1186	66	177	1
1187	66	178	1
1188	66	187	1
1189	66	189	1
1190	66	190	1
1191	66	198	1
1192	67	79	1
1193	67	96	1
1194	67	98	1
1195	67	102	1
1196	67	104	1
1197	67	112	1
1198	67	128	1
1199	67	132	1
1200	67	141	1
1201	67	152	1
1202	67	168	1
1203	67	173	1
1204	67	178	1
1205	67	183	1
1206	68	78	1
1207	68	131	1
1208	68	134	1
1209	68	143	1
1210	68	152	1
1211	68	161	1
1212	68	167	1
1213	68	170	1
1214	68	171	1
1215	68	176	1
1216	68	177	1
1217	68	181	1
1218	68	193	1
1219	68	196	1
1220	68	199	1
1221	69	76	1
1222	69	82	1
1223	69	84	1
1224	69	87	1
1225	69	108	1
1226	69	142	1
1227	69	150	1
1228	69	155	1
1229	69	156	1
1230	69	180	1
1231	69	188	1
1232	69	196	1
1233	70	76	1
1234	70	87	1
1235	70	88	1
1236	70	95	1
1237	70	98	1
1238	70	101	1
1239	70	109	1
1240	70	122	1
1241	70	159	1
1242	70	164	1
1243	70	176	1
1244	70	190	1
1245	70	192	1
1246	71	74	1
1247	71	77	1
1248	71	81	1
1249	71	97	1
1250	71	99	1
1251	71	107	1
1252	71	135	1
1253	71	145	1
1254	71	170	1
1255	71	180	1
1256	71	197	1
1257	72	78	1
1258	72	96	1
1259	72	108	1
1260	72	125	1
1261	72	132	1
1262	72	139	1
1263	72	142	1
1264	72	143	1
1265	72	144	1
1266	72	148	1
1267	72	161	1
1268	72	163	1
1269	72	170	1
1270	72	198	1
1271	73	82	1
1272	73	97	1
1273	73	114	1
1274	73	127	1
1275	73	132	1
1276	73	159	1
1277	73	160	1
1278	73	186	1
1279	73	189	1
1280	74	75	1
1281	74	82	1
1282	74	89	1
1283	74	94	1
1284	74	101	1
1285	74	107	1
1286	74	120	1
1287	74	125	1
1288	74	134	1
1289	74	137	1
1290	74	140	1
1291	74	156	1
1292	74	157	1
1293	74	178	1
1294	75	77	1
1295	75	83	1
1296	75	90	1
1297	75	102	1
1298	75	128	1
1299	75	134	1
1300	75	139	1
1301	75	150	1
1302	75	164	1
1303	75	167	1
1304	75	175	1
1305	75	188	1
1306	75	199	1
1307	76	77	1
1308	76	81	1
1309	76	92	1
1310	76	96	1
1311	76	101	1
1312	76	106	1
1313	76	107	1
1314	76	118	1
1315	76	124	1
1316	76	128	1
1317	76	134	1
1318	76	139	1
1319	76	162	1
1320	76	196	1
1321	76	198	1
1322	77	90	1
1323	77	94	1
1324	77	107	1
1325	77	110	1
1326	77	113	1
1327	77	114	1
1328	77	117	1
1329	77	130	1
1330	77	149	1
1331	77	152	1
1332	77	157	1
1333	77	165	1
1334	77	170	1
1335	77	171	1
1336	77	192	1
1337	77	198	1
1338	77	199	1
1339	78	84	1
1340	78	94	1
1341	78	104	1
1342	78	109	1
1343	78	140	1
1344	78	144	1
1345	78	160	1
1346	78	162	1
1347	78	163	1
1348	78	165	1
1349	78	173	1
1350	78	174	1
1351	78	194	1
1352	78	197	1
1353	79	82	1
1354	79	86	1
1355	79	104	1
1356	79	106	1
1357	79	108	1
1358	79	109	1
1359	79	124	1
1360	79	128	1
1361	79	142	1
1362	79	152	1
1363	79	166	1
1364	79	172	1
1365	79	192	1
1366	80	82	1
1367	80	83	1
1368	80	85	1
1369	80	117	1
1370	80	118	1
1371	80	151	1
1372	80	153	1
1373	80	158	1
1374	80	178	1
1375	81	88	1
1376	81	99	1
1377	81	111	1
1378	81	129	1
1379	81	135	1
1380	81	138	1
1381	81	140	1
1382	81	142	1
1383	81	151	1
1384	81	157	1
1385	81	190	1
1386	81	192	1
1387	82	93	1
1388	82	105	1
1389	82	111	1
1390	82	115	1
1391	82	128	1
1392	82	143	1
1393	82	157	1
1394	82	162	1
1395	82	186	1
1396	82	198	1
1397	82	199	1
1398	83	84	1
1399	83	108	1
1400	83	124	1
1401	83	132	1
1402	83	148	1
1403	83	162	1
1404	83	173	1
1405	83	183	1
1406	84	87	1
1407	84	125	1
1408	84	134	1
1409	84	140	1
1410	84	149	1
1411	84	151	1
1412	84	183	1
1413	84	189	1
1414	84	191	1
1415	85	99	1
1416	85	110	1
1417	85	117	1
1418	85	153	1
1419	85	156	1
1420	85	166	1
1421	85	169	1
1422	85	181	1
1423	85	190	1
1424	85	194	1
1425	86	90	1
1426	86	91	1
1427	86	119	1
1428	86	125	1
1429	86	140	1
1430	86	143	1
1431	86	144	1
1432	86	150	1
1433	86	151	1
1434	86	157	1
1435	86	167	1
1436	86	172	1
1437	86	178	1
1438	86	182	1
1439	86	190	1
1440	87	108	1
1441	87	153	1
1442	87	168	1
1443	87	195	1
1444	88	89	1
1445	88	92	1
1446	88	101	1
1447	88	125	1
1448	88	134	1
1449	88	139	1
1450	88	141	1
1451	88	144	1
1452	88	148	1
1453	88	155	1
1454	88	157	1
1455	88	164	1
1456	88	165	1
1457	88	196	1
1458	88	198	1
1459	89	90	1
1460	89	93	1
1461	89	111	1
1462	89	115	1
1463	89	128	1
1464	89	131	1
1465	89	135	1
1466	89	150	1
1467	89	181	1
1468	89	187	1
1469	89	192	1
1470	89	195	1
1471	89	198	1
1472	90	95	1
1473	90	100	1
1474	90	107	1
1475	90	118	1
1476	90	130	1
1477	90	140	1
1478	90	170	1
1479	90	171	1
1480	90	172	1
1481	90	177	1
1482	90	185	1
1483	90	194	1
1484	91	94	1
1485	91	102	1
1486	91	104	1
1487	91	109	1
1488	91	113	1
1489	91	122	1
1490	91	134	1
1491	91	139	1
1492	91	146	1
1493	91	149	1
1494	91	160	1
1495	91	173	1
1496	91	179	1
1497	91	184	1
1498	91	190	1
1499	91	191	1
1500	91	192	1
1501	91	199	1
1502	92	96	1
1503	92	102	1
1504	92	104	1
1505	92	108	1
1506	92	116	1
1507	92	129	1
1508	92	136	1
1509	92	169	1
1510	92	172	1
1511	92	185	1
1512	92	192	1
1513	93	99	1
1514	93	102	1
1515	93	107	1
1516	93	126	1
1517	93	128	1
1518	93	129	1
1519	93	130	1
1520	93	152	1
1521	93	178	1
1522	93	182	1
1523	93	189	1
1524	93	194	1
1525	94	100	1
1526	94	101	1
1527	94	107	1
1528	94	126	1
1529	94	127	1
1530	94	132	1
1531	94	159	1
1532	94	168	1
1533	94	170	1
1534	94	185	1
1535	94	188	1
1536	94	196	1
1537	95	96	1
1538	95	100	1
1539	95	102	1
1540	95	103	1
1541	95	109	1
1542	95	113	1
1543	95	136	1
1544	95	137	1
1545	95	141	1
1546	95	179	1
1547	95	184	1
1548	95	197	1
1549	96	113	1
1550	96	115	1
1551	96	120	1
1552	96	123	1
1553	96	141	1
1554	96	148	1
1555	96	152	1
1556	96	156	1
1557	96	158	1
1558	96	164	1
1559	96	166	1
1560	96	185	1
1561	96	186	1
1562	97	99	1
1563	97	105	1
1564	97	118	1
1565	97	126	1
1566	97	137	1
1567	97	163	1
1568	97	170	1
1569	97	182	1
1570	97	187	1
1571	97	196	1
1572	98	101	1
1573	98	119	1
1574	98	120	1
1575	98	129	1
1576	98	146	1
1577	98	169	1
1578	98	175	1
1579	98	180	1
1580	98	182	1
1581	98	195	1
1582	98	198	1
1583	99	112	1
1584	99	118	1
1585	99	147	1
1586	99	156	1
1587	99	161	1
1588	99	185	1
1589	100	116	1
1590	100	124	1
1591	100	129	1
1592	100	136	1
1593	100	161	1
1594	100	164	1
1595	100	167	1
1596	100	169	1
1597	100	182	1
1598	101	134	1
1599	101	137	1
1600	101	140	1
1601	101	151	1
1602	101	166	1
1603	101	180	1
1604	101	183	1
1605	101	197	1
1606	101	199	1
1607	102	103	1
1608	102	108	1
1609	102	114	1
1610	102	118	1
1611	102	123	1
1612	102	134	1
1613	102	136	1
1614	102	138	1
1615	102	141	1
1616	102	164	1
1617	102	175	1
1618	103	105	1
1619	103	121	1
1620	103	159	1
1621	103	162	1
1622	104	110	1
1623	104	127	1
1624	104	137	1
1625	104	140	1
1626	104	142	1
1627	104	154	1
1628	104	162	1
1629	104	163	1
1630	104	166	1
1631	104	195	1
1632	105	114	1
1633	105	119	1
1634	105	131	1
1635	105	156	1
1636	105	168	1
1637	105	170	1
1638	105	176	1
1639	105	193	1
1640	106	109	1
1641	106	111	1
1642	106	117	1
1643	106	118	1
1644	106	125	1
1645	106	126	1
1646	106	128	1
1647	106	130	1
1648	106	156	1
1649	106	162	1
1650	106	176	1
1651	106	183	1
1652	106	189	1
1653	106	194	1
1654	106	198	1
1655	107	151	1
1656	107	159	1
1657	107	181	1
1658	107	190	1
1659	108	112	1
1660	108	116	1
1661	108	123	1
1662	108	131	1
1663	108	136	1
1664	108	150	1
1665	108	151	1
1666	108	154	1
1667	108	155	1
1668	108	166	1
1669	108	168	1
1670	108	172	1
1671	108	174	1
1672	108	183	1
1673	108	186	1
1674	108	189	1
1675	108	193	1
1676	108	198	1
1677	109	151	1
1678	109	157	1
1679	109	169	1
1680	109	170	1
1681	110	121	1
1682	110	126	1
1683	110	129	1
1684	110	132	1
1685	110	136	1
1686	110	147	1
1687	110	152	1
1688	110	153	1
1689	110	154	1
1690	110	177	1
1691	110	178	1
1692	110	195	1
1693	110	198	1
1694	111	117	1
1695	111	141	1
1696	111	146	1
1697	111	162	1
1698	111	185	1
1699	111	192	1
1700	112	113	1
1701	112	128	1
1702	112	131	1
1703	112	141	1
1704	112	160	1
1705	112	172	1
1706	112	182	1
1707	112	196	1
1708	112	197	1
1709	113	116	1
1710	113	117	1
1711	113	127	1
1712	113	141	1
1713	113	150	1
1714	113	167	1
1715	113	176	1
1716	113	177	1
1717	113	187	1
1718	113	192	1
1719	114	130	1
1720	114	146	1
1721	114	153	1
1722	114	156	1
1723	114	163	1
1724	114	168	1
1725	114	186	1
1726	114	194	1
1727	115	142	1
1728	115	148	1
1729	115	165	1
1730	115	168	1
1731	115	191	1
1732	115	193	1
1733	115	196	1
1734	116	139	1
1735	116	147	1
1736	116	152	1
1737	116	156	1
1738	116	168	1
1739	116	170	1
1740	116	179	1
1741	117	118	1
1742	117	138	1
1743	117	141	1
1744	117	153	1
1745	117	154	1
1746	117	167	1
1747	117	181	1
1748	117	186	1
1749	117	190	1
1750	117	196	1
1751	118	124	1
1752	118	126	1
1753	118	130	1
1754	118	132	1
1755	118	146	1
1756	118	167	1
1757	118	168	1
1758	118	172	1
1759	118	182	1
1760	118	184	1
1761	118	185	1
1762	119	120	1
1763	119	129	1
1764	119	137	1
1765	119	162	1
1766	119	164	1
1767	119	177	1
1768	119	179	1
1769	119	180	1
1770	119	184	1
1771	120	137	1
1772	120	139	1
1773	120	141	1
1774	120	157	1
1775	120	182	1
1776	120	189	1
1777	120	199	1
1778	121	122	1
1779	121	123	1
1780	121	127	1
1781	121	130	1
1782	121	133	1
1783	121	148	1
1784	121	158	1
1785	121	168	1
1786	121	173	1
1787	121	176	1
1788	121	180	1
1789	122	129	1
1790	122	131	1
1791	122	135	1
1792	122	141	1
1793	122	153	1
1794	122	158	1
1795	122	172	1
1796	122	197	1
1797	123	143	1
1798	123	154	1
1799	123	194	1
1800	123	198	1
1801	124	129	1
1802	124	132	1
1803	124	150	1
1804	124	153	1
1805	124	164	1
1806	124	176	1
1807	125	140	1
1808	125	145	1
1809	125	154	1
1810	125	158	1
1811	125	163	1
1812	125	165	1
1813	125	169	1
1814	125	188	1
1815	125	194	1
1816	126	143	1
1817	126	175	1
1818	126	181	1
1819	126	183	1
1820	127	143	1
1821	127	148	1
1822	127	158	1
1823	127	164	1
1824	127	168	1
1825	127	175	1
1826	127	183	1
1827	127	185	1
1828	127	193	1
1829	128	129	1
1830	128	138	1
1831	128	168	1
1832	128	169	1
1833	128	176	1
1834	128	183	1
1835	128	198	1
1836	128	199	1
1837	129	140	1
1838	129	148	1
1839	129	165	1
1840	129	177	1
1841	129	181	1
1842	129	194	1
1843	129	195	1
1844	129	198	1
1845	130	137	1
1846	130	146	1
1847	130	147	1
1848	130	162	1
1849	130	165	1
1850	130	171	1
1851	130	176	1
1852	130	180	1
1853	130	182	1
1854	130	187	1
1855	130	197	1
1856	131	150	1
1857	131	158	1
1858	131	159	1
1859	131	163	1
1860	131	164	1
1861	131	166	1
1862	131	173	1
1863	131	177	1
1864	132	138	1
1865	132	151	1
1866	132	166	1
1867	132	189	1
1868	132	194	1
1869	133	150	1
1870	133	151	1
1871	133	160	1
1872	133	164	1
1873	133	169	1
1874	133	174	1
1875	133	181	1
1876	133	182	1
1877	133	184	1
1878	134	158	1
1879	134	165	1
1880	134	177	1
1881	134	184	1
1882	134	193	1
1883	134	195	1
1884	135	140	1
1885	135	153	1
1886	135	161	1
1887	135	164	1
1888	135	166	1
1889	135	193	1
1890	135	197	1
1891	136	159	1
1892	136	160	1
1893	136	162	1
1894	136	167	1
1895	136	191	1
1896	136	196	1
1897	137	151	1
1898	137	153	1
1899	137	155	1
1900	137	161	1
1901	137	177	1
1902	137	185	1
1903	137	187	1
1904	137	191	1
1905	138	145	1
1906	138	153	1
1907	138	163	1
1908	138	164	1
1909	138	181	1
1910	138	196	1
1911	138	198	1
1912	139	155	1
1913	139	167	1
1914	139	169	1
1915	139	171	1
1916	139	173	1
1917	139	178	1
1918	140	150	1
1919	140	153	1
1920	140	157	1
1921	140	158	1
1922	140	166	1
1923	140	169	1
1924	140	177	1
1925	140	190	1
1926	140	192	1
1927	140	197	1
1928	141	145	1
1929	141	146	1
1930	141	169	1
1931	141	179	1
1932	141	188	1
1933	141	189	1
1934	142	155	1
1935	142	158	1
1936	142	159	1
1937	142	170	1
1938	142	177	1
1939	142	182	1
1940	142	184	1
1941	142	187	1
1942	142	190	1
1943	142	193	1
1944	143	144	1
1945	143	146	1
1946	143	150	1
1947	143	167	1
1948	143	187	1
1949	143	199	1
1950	144	151	1
1951	144	158	1
1952	144	171	1
1953	144	172	1
1954	144	185	1
1955	145	147	1
1956	145	169	1
1957	145	184	1
1958	145	198	1
1959	146	158	1
1960	146	170	1
1961	146	176	1
1962	146	181	1
1963	146	185	1
1964	147	149	1
1965	147	150	1
1966	147	163	1
1967	147	166	1
1968	147	190	1
1969	147	191	1
1970	147	194	1
1971	148	155	1
1972	148	156	1
1973	148	159	1
1974	148	178	1
1975	149	153	1
1976	149	158	1
1977	149	175	1
1978	149	183	1
1979	149	193	1
1980	150	161	1
1981	150	164	1
1982	150	181	1
1983	150	193	1
1984	151	159	1
1985	151	161	1
1986	151	165	1
1987	151	173	1
1988	151	175	1
1989	151	190	1
1990	151	198	1
1991	151	199	1
1992	152	154	1
1993	152	157	1
1994	152	163	1
1995	152	181	1
1996	152	184	1
1997	152	197	1
1998	153	156	1
1999	153	160	1
2000	153	167	1
2001	153	185	1
2002	153	191	1
2003	154	167	1
2004	155	156	1
2005	155	181	1
2006	156	168	1
2007	156	175	1
2008	156	197	1
2009	157	179	1
2010	157	184	1
2011	157	187	1
2012	157	199	1
2013	158	160	1
2014	158	162	1
2015	158	165	1
2016	158	166	1
2017	158	167	1
2018	158	177	1
2019	158	183	1
2020	158	188	1
2021	158	192	1
2022	159	162	1
2023	159	196	1
2024	160	162	1
2025	160	171	1
2026	160	174	1
2027	160	176	1
2028	161	167	1
2029	161	169	1
2030	161	196	1
2031	162	170	1
2032	162	173	1
2033	163	166	1
2034	163	167	1
2035	163	177	1
2036	163	181	1
2037	163	193	1
2038	164	166	1
2039	164	168	1
2040	164	170	1
2041	164	179	1
2042	164	181	1
2043	164	198	1
2044	165	181	1
2045	165	185	1
2046	166	168	1
2047	166	170	1
2048	166	186	1
2049	166	189	1
2050	167	186	1
2051	167	189	1
2052	168	169	1
2053	168	179	1
2054	168	181	1
2055	171	172	1
2056	171	178	1
2057	173	174	1
2058	173	182	1
2059	173	188	1
2060	174	184	1
2061	174	185	1
2062	175	185	1
2063	176	182	1
2064	176	183	1
2065	177	183	1
2066	177	189	1
2067	178	193	1
2068	178	196	1
2069	179	185	1
2070	179	190	1
2071	179	194	1
2072	179	198	1
2073	180	182	1
2074	180	190	1
2075	180	195	1
2076	180	196	1
2077	180	199	1
2078	182	190	1
2079	183	188	1
2080	183	192	1
2081	183	194	1
2082	184	190	1
2083	185	189	1
2084	186	198	1
2085	187	192	1
2086	187	193	1
2087	187	195	1
2088	187	196	1
2089	187	197	1
2090	188	191	1
2091	189	192	1
2092	189	193	1
2093	189	196	1
2094	190	193	1
2095	190	195	1
2096	190	199	1
2097	192	193	1
2098	194	195	1
2099	195	197	1
2100	196	198	1
2101	197	199	1
