Link_index	Source	Destination	Capacity(kbps)
0	0	3	1
1	0	4	1
2	0	5	1
3	0	6	1
4	0	9	1
5	0	20	1
6	0	23	1
7	0	26	1
8	0	42	1
9	0	44	1
10	0	53	1
11	0	58	1
12	0	78	1
13	0	90	1
14	0	93	1
15	0	115	1
16	0	142	1
17	0	144	1
18	0	149	1
19	0	158	1
20	0	176	1
21	0	207	1
22	1	3	1
23	1	4	1
24	1	6	1
25	1	49	1
26	1	75	1
27	1	79	1
28	1	81	1
29	1	92	1
30	1	98	1
31	1	105	1
32	1	123	1
33	1	124	1
34	1	141	1
35	1	179	1
36	2	3	1
37	2	5	1
38	2	6	1
39	2	8	1
40	2	11	1
41	2	12	1
42	2	18	1
43	2	29	1
44	2	45	1
45	2	54	1
46	2	91	1
47	2	100	1
48	2	126	1
49	2	138	1
50	2	148	1
51	2	178	1
52	2	184	1
53	2	186	1
54	2	189	1
55	2	193	1
56	2	195	1
57	2	196	1
58	2	198	1
59	2	216	1
60	3	4	1
61	3	5	1
62	3	10	1
63	3	13	1
64	3	14	1
65	3	16	1
66	3	22	1
67	3	28	1
68	3	29	1
69	3	30	1
70	3	39	1
71	3	41	1
72	3	68	1
73	3	109	1
74	3	139	1
75	3	145	1
76	3	159	1
77	3	196	1
78	3	210	1
79	4	7	1
80	4	8	1
81	4	11	1
82	4	15	1
83	4	25	1
84	4	38	1
85	4	45	1
86	4	46	1
87	4	63	1
88	4	69	1
89	4	78	1
90	4	119	1
91	4	125	1
92	5	7	1
93	5	8	1
94	5	9	1
95	5	13	1
96	5	17	1
97	5	59	1
98	5	77	1
99	5	93	1
100	5	143	1
101	5	150	1
102	5	163	1
103	5	180	1
104	5	211	1
105	6	7	1
106	6	9	1
107	6	12	1
108	6	19	1
109	6	20	1
110	6	21	1
111	6	27	1
112	6	38	1
113	6	47	1
114	6	50	1
115	6	63	1
116	6	65	1
117	6	83	1
118	6	86	1
119	6	94	1
120	6	130	1
121	6	135	1
122	6	147	1
123	6	156	1
124	6	161	1
125	6	182	1
126	6	194	1
127	6	197	1
128	6	206	1
129	6	207	1
130	6	218	1
131	7	14	1
132	7	19	1
133	7	21	1
134	7	25	1
135	7	33	1
136	7	48	1
137	7	55	1
138	7	56	1
139	7	74	1
140	7	83	1
141	7	117	1
142	7	155	1
143	7	165	1
144	7	173	1
145	7	209	1
146	8	10	1
147	8	14	1
148	8	18	1
149	8	23	1
150	8	24	1
151	8	30	1
152	8	35	1
153	8	36	1
154	8	37	1
155	8	46	1
156	8	54	1
157	8	59	1
158	8	70	1
159	8	73	1
160	8	99	1
161	8	118	1
162	8	119	1
163	8	129	1
164	8	134	1
165	8	151	1
166	8	162	1
167	8	168	1
168	8	191	1
169	8	193	1
170	8	219	1
171	9	10	1
172	9	15	1
173	9	19	1
174	9	36	1
175	9	39	1
176	9	42	1
177	9	79	1
178	9	89	1
179	9	106	1
180	9	108	1
181	9	127	1
182	9	151	1
183	9	164	1
184	10	11	1
185	10	12	1
186	10	13	1
187	10	16	1
188	10	56	1
189	10	94	1
190	10	97	1
191	10	103	1
192	10	108	1
193	10	116	1
194	10	121	1
195	10	128	1
196	10	157	1
197	10	173	1
198	10	212	1
199	11	25	1
200	11	27	1
201	11	31	1
202	11	32	1
203	11	35	1
204	11	37	1
205	11	38	1
206	11	40	1
207	11	48	1
208	11	51	1
209	11	53	1
210	11	60	1
211	11	64	1
212	11	72	1
213	11	75	1
214	11	84	1
215	11	87	1
216	11	101	1
217	11	107	1
218	11	110	1
219	11	111	1
220	11	113	1
221	11	131	1
222	11	133	1
223	11	140	1
224	11	159	1
225	11	160	1
226	11	167	1
227	11	177	1
228	11	192	1
229	11	200	1
230	11	215	1
231	11	216	1
232	11	217	1
233	12	17	1
234	12	18	1
235	12	21	1
236	12	32	1
237	12	33	1
238	12	34	1
239	12	37	1
240	12	43	1
241	12	71	1
242	12	74	1
243	12	110	1
244	12	120	1
245	12	122	1
246	12	130	1
247	12	132	1
248	12	165	1
249	12	171	1
250	12	184	1
251	12	204	1
252	13	43	1
253	13	49	1
254	13	52	1
255	13	144	1
256	13	146	1
257	13	153	1
258	13	189	1
259	13	199	1
260	13	204	1
261	14	15	1
262	14	17	1
263	14	40	1
264	14	79	1
265	14	112	1
266	14	141	1
267	14	157	1
268	14	170	1
269	14	175	1
270	14	191	1
271	15	16	1
272	15	20	1
273	15	23	1
274	15	26	1
275	15	32	1
276	15	47	1
277	15	60	1
278	15	68	1
279	15	70	1
280	15	88	1
281	15	91	1
282	15	122	1
283	15	132	1
284	15	137	1
285	15	181	1
286	16	44	1
287	16	124	1
288	16	174	1
289	17	41	1
290	17	48	1
291	17	51	1
292	17	114	1
293	17	134	1
294	17	140	1
295	17	155	1
296	17	169	1
297	17	202	1
298	18	24	1
299	18	28	1
300	18	29	1
301	18	30	1
302	18	41	1
303	18	61	1
304	18	66	1
305	18	67	1
306	18	99	1
307	18	108	1
308	18	176	1
309	18	184	1
310	18	191	1
311	18	203	1
312	19	22	1
313	19	55	1
314	19	136	1
315	20	22	1
316	20	27	1
317	20	44	1
318	20	53	1
319	20	131	1
320	20	144	1
321	20	153	1
322	20	205	1
323	20	212	1
324	21	24	1
325	21	76	1
326	21	77	1
327	21	140	1
328	22	26	1
329	22	47	1
330	22	58	1
331	22	71	1
332	22	80	1
333	22	88	1
334	22	97	1
335	22	116	1
336	22	147	1
337	22	152	1
338	22	153	1
339	22	154	1
340	22	159	1
341	22	169	1
342	22	179	1
343	22	192	1
344	23	35	1
345	23	55	1
346	23	68	1
347	23	85	1
348	24	62	1
349	24	96	1
350	24	192	1
351	25	62	1
352	25	208	1
353	26	28	1
354	26	52	1
355	26	166	1
356	26	187	1
357	26	200	1
358	27	31	1
359	27	33	1
360	27	102	1
361	27	196	1
362	27	205	1
363	27	214	1
364	28	65	1
365	28	73	1
366	28	97	1
367	29	31	1
368	29	39	1
369	29	45	1
370	29	52	1
371	29	57	1
372	29	65	1
373	29	78	1
374	29	84	1
375	29	194	1
376	30	34	1
377	30	36	1
378	30	73	1
379	30	87	1
380	30	92	1
381	30	132	1
382	30	138	1
383	30	152	1
384	30	164	1
385	30	166	1
386	30	167	1
387	31	40	1
388	31	50	1
389	31	57	1
390	31	67	1
391	31	69	1
392	31	80	1
393	31	81	1
394	31	96	1
395	31	105	1
396	31	126	1
397	31	129	1
398	31	134	1
399	31	142	1
400	31	146	1
401	31	162	1
402	31	178	1
403	31	193	1
404	32	58	1
405	32	63	1
406	32	76	1
407	32	85	1
408	32	89	1
409	32	102	1
410	32	135	1
411	32	165	1
412	32	172	1
413	32	174	1
414	32	183	1
415	32	198	1
416	32	199	1
417	32	202	1
418	33	34	1
419	33	61	1
420	33	122	1
421	33	156	1
422	34	59	1
423	34	81	1
424	34	202	1
425	35	90	1
426	35	98	1
427	35	107	1
428	35	168	1
429	35	172	1
430	35	176	1
431	35	211	1
432	35	214	1
433	36	101	1
434	36	105	1
435	36	162	1
436	38	49	1
437	38	82	1
438	38	88	1
439	38	125	1
440	38	128	1
441	39	93	1
442	39	112	1
443	40	51	1
444	40	61	1
445	40	62	1
446	40	95	1
447	40	139	1
448	40	160	1
449	41	42	1
450	41	86	1
451	41	100	1
452	41	112	1
453	42	43	1
454	42	94	1
455	42	103	1
456	42	111	1
457	42	130	1
458	42	164	1
459	43	76	1
460	43	149	1
461	44	46	1
462	44	50	1
463	45	67	1
464	46	103	1
465	46	204	1
466	46	217	1
467	47	56	1
468	47	72	1
469	47	120	1
470	47	183	1
471	48	54	1
472	48	57	1
473	48	156	1
474	48	171	1
475	49	66	1
476	49	133	1
477	49	142	1
478	49	152	1
479	49	174	1
480	49	209	1
481	50	150	1
482	51	69	1
483	51	104	1
484	51	169	1
485	51	201	1
486	52	95	1
487	52	104	1
488	53	113	1
489	53	143	1
490	53	173	1
491	54	109	1
492	54	124	1
493	54	180	1
494	56	64	1
495	56	66	1
496	56	83	1
497	56	133	1
498	56	219	1
499	57	206	1
500	57	213	1
501	57	215	1
502	58	178	1
503	59	60	1
504	59	77	1
505	59	95	1
506	59	96	1
507	59	98	1
508	59	104	1
509	59	180	1
510	60	106	1
511	60	120	1
512	60	123	1
513	60	171	1
514	60	181	1
515	60	189	1
516	60	194	1
517	60	207	1
518	61	64	1
519	61	70	1
520	61	72	1
521	61	87	1
522	61	117	1
523	61	127	1
524	62	113	1
525	62	115	1
526	62	138	1
527	63	82	1
528	63	141	1
529	63	154	1
530	64	143	1
531	64	211	1
532	66	90	1
533	66	148	1
534	66	212	1
535	67	185	1
536	67	195	1
537	68	82	1
538	68	118	1
539	68	160	1
540	69	74	1
541	69	125	1
542	69	126	1
543	69	137	1
544	69	146	1
545	69	195	1
546	70	71	1
547	70	86	1
548	70	116	1
549	70	128	1
550	71	185	1
551	71	188	1
552	72	75	1
553	72	80	1
554	72	99	1
555	72	101	1
556	72	121	1
557	72	166	1
558	72	175	1
559	73	170	1
560	74	84	1
561	74	107	1
562	75	89	1
563	75	145	1
564	76	85	1
565	76	91	1
566	76	92	1
567	77	185	1
568	78	155	1
569	80	168	1
570	82	121	1
571	82	197	1
572	82	203	1
573	83	118	1
574	84	136	1
575	86	109	1
576	88	117	1
577	92	114	1
578	93	106	1
579	93	123	1
580	93	210	1
581	93	213	1
582	96	100	1
583	96	167	1
584	98	208	1
585	99	111	1
586	99	114	1
587	99	158	1
588	99	188	1
589	99	218	1
590	100	102	1
591	102	110	1
592	102	151	1
593	102	161	1
594	103	175	1
595	106	187	1
596	106	198	1
597	108	115	1
598	108	201	1
599	109	137	1
600	109	161	1
601	110	131	1
602	110	214	1
603	110	217	1
604	113	119	1
605	113	135	1
606	113	197	1
607	114	147	1
608	114	186	1
609	114	210	1
610	115	181	1
611	116	145	1
612	117	208	1
613	117	218	1
614	118	148	1
615	118	158	1
616	118	219	1
617	120	182	1
618	120	200	1
619	120	205	1
620	122	149	1
621	123	157	1
622	124	136	1
623	125	127	1
624	125	150	1
625	126	129	1
626	126	215	1
627	130	177	1
628	131	139	1
629	132	199	1
630	133	209	1
631	134	172	1
632	135	186	1
633	137	179	1
634	141	163	1
635	141	201	1
636	144	187	1
637	147	154	1
638	153	190	1
639	157	163	1
640	157	183	1
641	158	190	1
642	165	170	1
643	170	213	1
644	172	177	1
645	172	188	1
646	178	216	1
647	179	182	1
648	181	203	1
649	182	190	1
650	205	206	1
