Link_index	Source	Destination	Capacity(kbps)
0	0	2	1
1	0	3	1
2	0	4	1
3	0	5	1
4	0	10	1
5	0	11	1
6	0	17	1
7	0	23	1
8	0	27	1
9	0	29	1
10	0	30	1
11	0	32	1
12	0	33	1
13	0	46	1
14	0	52	1
15	0	57	1
16	0	70	1
17	0	84	1
18	0	89	1
19	0	114	1
20	0	124	1
21	0	128	1
22	0	136	1
23	0	178	1
24	0	182	1
25	0	187	1
26	0	195	1
27	1	2	1
28	1	15	1
29	1	18	1
30	1	24	1
31	1	25	1
32	1	66	1
33	1	83	1
34	1	100	1
35	1	117	1
36	1	126	1
37	1	140	1
38	2	3	1
39	2	5	1
40	2	7	1
41	2	9	1
42	2	12	1
43	2	18	1
44	2	22	1
45	2	32	1
46	2	68	1
47	2	72	1
48	2	80	1
49	2	85	1
50	2	118	1
51	2	131	1
52	2	144	1
53	2	155	1
54	2	165	1
55	3	4	1
56	3	37	1
57	3	39	1
58	3	66	1
59	3	72	1
60	3	79	1
61	3	125	1
62	4	6	1
63	4	7	1
64	4	8	1
65	4	9	1
66	4	13	1
67	4	14	1
68	4	19	1
69	4	22	1
70	4	25	1
71	4	28	1
72	4	46	1
73	4	55	1
74	4	62	1
75	4	67	1
76	4	79	1
77	4	81	1
78	4	83	1
79	4	113	1
80	4	138	1
81	4	159	1
82	4	193	1
83	4	198	1
84	5	6	1
85	5	11	1
86	5	15	1
87	5	19	1
88	5	24	1
89	5	29	1
90	5	31	1
91	5	38	1
92	5	54	1
93	5	65	1
94	5	68	1
95	5	77	1
96	5	87	1
97	5	153	1
98	5	166	1
99	5	173	1
100	5	191	1
101	6	26	1
102	6	40	1
103	6	51	1
104	6	62	1
105	6	151	1
106	6	156	1
107	6	172	1
108	7	8	1
109	7	10	1
110	7	12	1
111	7	13	1
112	7	26	1
113	7	35	1
114	7	40	1
115	7	58	1
116	7	96	1
117	7	132	1
118	7	159	1
119	7	186	1
120	8	81	1
121	9	14	1
122	9	38	1
123	9	44	1
124	9	58	1
125	9	88	1
126	9	91	1
127	9	95	1
128	9	142	1
129	9	154	1
130	9	171	1
131	9	190	1
132	10	30	1
133	10	43	1
134	10	71	1
135	10	135	1
136	10	154	1
137	10	165	1
138	11	16	1
139	11	20	1
140	11	21	1
141	11	23	1
142	11	27	1
143	11	31	1
144	11	39	1
145	11	42	1
146	11	48	1
147	11	52	1
148	11	57	1
149	11	59	1
150	11	61	1
151	11	67	1
152	11	69	1
153	11	76	1
154	11	77	1
155	11	88	1
156	11	90	1
157	11	94	1
158	11	98	1
159	11	108	1
160	11	115	1
161	11	143	1
162	11	157	1
163	11	163	1
164	11	188	1
165	12	53	1
166	12	73	1
167	12	150	1
168	13	49	1
169	14	20	1
170	14	45	1
171	14	76	1
172	14	146	1
173	14	147	1
174	14	150	1
175	14	166	1
176	14	174	1
177	14	177	1
178	15	16	1
179	15	17	1
180	15	36	1
181	15	37	1
182	15	47	1
183	15	50	1
184	15	56	1
185	15	84	1
186	15	86	1
187	15	94	1
188	15	95	1
189	15	118	1
190	15	143	1
191	15	169	1
192	15	175	1
193	15	179	1
194	16	21	1
195	16	51	1
196	16	90	1
197	16	103	1
198	16	131	1
199	16	152	1
200	17	53	1
201	17	55	1
202	17	107	1
203	17	109	1
204	17	127	1
205	17	178	1
206	19	33	1
207	19	92	1
208	20	34	1
209	20	54	1
210	20	110	1
211	20	189	1
212	21	74	1
213	22	28	1
214	22	34	1
215	22	43	1
216	22	50	1
217	22	65	1
218	23	56	1
219	23	80	1
220	23	106	1
221	23	171	1
222	25	97	1
223	26	36	1
224	27	71	1
225	27	194	1
226	28	42	1
227	28	70	1
228	28	98	1
229	28	130	1
230	29	45	1
231	29	47	1
232	29	114	1
233	29	121	1
234	29	161	1
235	30	173	1
236	33	35	1
237	33	41	1
238	33	74	1
239	33	78	1
240	33	99	1
241	33	102	1
242	33	124	1
243	33	158	1
244	33	164	1
245	33	167	1
246	33	190	1
247	34	59	1
248	34	116	1
249	34	122	1
250	35	63	1
251	35	106	1
252	37	78	1
253	37	93	1
254	37	130	1
255	38	41	1
256	38	49	1
257	38	86	1
258	38	129	1
259	38	163	1
260	40	60	1
261	42	48	1
262	42	82	1
263	42	93	1
264	42	149	1
265	42	161	1
266	43	44	1
267	43	197	1
268	44	64	1
269	44	116	1
270	44	186	1
271	46	61	1
272	46	104	1
273	46	105	1
274	46	126	1
275	46	183	1
276	47	134	1
277	48	199	1
278	49	101	1
279	49	111	1
280	49	176	1
281	50	87	1
282	50	91	1
283	50	119	1
284	50	127	1
285	52	75	1
286	55	63	1
287	55	174	1
288	56	60	1
289	56	89	1
290	56	156	1
291	56	184	1
292	57	64	1
293	57	153	1
294	57	185	1
295	58	197	1
296	60	133	1
297	60	155	1
298	60	192	1
299	61	99	1
300	61	168	1
301	61	196	1
302	62	69	1
303	62	75	1
304	64	136	1
305	65	92	1
306	65	145	1
307	65	147	1
308	65	164	1
309	67	102	1
310	67	110	1
311	67	132	1
312	67	135	1
313	67	160	1
314	67	162	1
315	68	115	1
316	69	96	1
317	70	73	1
318	70	82	1
319	70	103	1
320	70	112	1
321	70	117	1
322	70	172	1
323	70	193	1
324	71	85	1
325	71	134	1
326	74	120	1
327	74	158	1
328	74	191	1
329	78	105	1
330	78	109	1
331	78	125	1
332	78	146	1
333	78	149	1
334	78	179	1
335	78	195	1
336	82	138	1
337	84	104	1
338	85	139	1
339	87	101	1
340	87	108	1
341	87	123	1
342	87	144	1
343	87	194	1
344	88	129	1
345	90	107	1
346	90	137	1
347	93	100	1
348	93	142	1
349	93	180	1
350	94	97	1
351	98	120	1
352	99	133	1
353	101	162	1
354	102	122	1
355	105	148	1
356	106	113	1
357	106	119	1
358	106	123	1
359	106	196	1
360	107	111	1
361	108	121	1
362	110	112	1
363	111	176	1
364	113	187	1
365	114	141	1
366	115	141	1
367	116	168	1
368	116	170	1
369	119	160	1
370	119	181	1
371	120	182	1
372	122	152	1
373	122	199	1
374	124	175	1
375	126	128	1
376	126	151	1
377	126	181	1
378	127	137	1
379	127	157	1
380	129	148	1
381	134	185	1
382	135	189	1
383	136	140	1
384	137	145	1
385	138	139	1
386	139	183	1
387	147	167	1
388	147	180	1
389	153	177	1
390	154	169	1
391	159	188	1
392	166	184	1
393	167	170	1
394	182	192	1
395	191	198	1
