Link_index	Source	Destination	Capacity(kbps)
0	0	2	1
1	0	3	1
2	0	14	1
3	0	24	1
4	0	50	1
5	0	69	1
6	1	2	1
7	1	3	1
8	1	4	1
9	1	7	1
10	1	12	1
11	1	17	1
12	1	19	1
13	1	20	1
14	1	21	1
15	1	24	1
16	1	26	1
17	1	29	1
18	1	31	1
19	1	35	1
20	1	38	1
21	1	43	1
22	1	46	1
23	1	59	1
24	1	63	1
25	1	70	1
26	1	106	1
27	1	108	1
28	1	122	1
29	1	141	1
30	1	145	1
31	1	158	1
32	1	162	1
33	1	164	1
34	1	170	1
35	1	177	1
36	1	178	1
37	2	5	1
38	2	19	1
39	2	25	1
40	2	44	1
41	2	60	1
42	2	68	1
43	2	73	1
44	2	84	1
45	2	88	1
46	2	94	1
47	2	131	1
48	2	152	1
49	3	4	1
50	3	6	1
51	3	7	1
52	3	8	1
53	3	11	1
54	3	14	1
55	3	16	1
56	3	34	1
57	3	40	1
58	3	52	1
59	3	60	1
60	3	74	1
61	3	76	1
62	3	80	1
63	3	96	1
64	3	100	1
65	3	105	1
66	3	106	1
67	3	111	1
68	3	124	1
69	3	136	1
70	3	137	1
71	3	142	1
72	3	145	1
73	3	147	1
74	3	151	1
75	3	173	1
76	4	5	1
77	4	6	1
78	4	10	1
79	4	13	1
80	4	21	1
81	4	23	1
82	4	28	1
83	4	34	1
84	4	38	1
85	4	50	1
86	4	55	1
87	4	57	1
88	4	64	1
89	4	65	1
90	4	69	1
91	4	92	1
92	4	95	1
93	4	148	1
94	4	160	1
95	4	167	1
96	4	173	1
97	4	174	1
98	5	86	1
99	5	116	1
100	6	9	1
101	6	17	1
102	6	22	1
103	6	32	1
104	6	51	1
105	6	72	1
106	6	84	1
107	6	87	1
108	6	105	1
109	6	121	1
110	6	134	1
111	6	136	1
112	6	144	1
113	6	147	1
114	6	149	1
115	6	159	1
116	7	8	1
117	7	10	1
118	7	11	1
119	7	12	1
120	7	13	1
121	7	16	1
122	7	22	1
123	7	49	1
124	7	53	1
125	7	80	1
126	7	91	1
127	7	100	1
128	7	120	1
129	8	9	1
130	8	15	1
131	8	18	1
132	8	23	1
133	8	29	1
134	8	48	1
135	8	54	1
136	8	57	1
137	8	96	1
138	8	102	1
139	8	129	1
140	8	151	1
141	9	30	1
142	9	33	1
143	9	51	1
144	10	36	1
145	10	150	1
146	10	160	1
147	11	27	1
148	11	46	1
149	11	64	1
150	11	67	1
151	11	70	1
152	11	101	1
153	11	104	1
154	11	118	1
155	11	119	1
156	11	127	1
157	11	139	1
158	12	39	1
159	12	119	1
160	12	154	1
161	13	75	1
162	13	126	1
163	13	132	1
164	13	146	1
165	13	168	1
166	14	15	1
167	14	28	1
168	14	35	1
169	14	37	1
170	14	62	1
171	14	85	1
172	14	93	1
173	14	125	1
174	15	39	1
175	16	20	1
176	16	27	1
177	16	30	1
178	16	31	1
179	16	33	1
180	16	48	1
181	16	81	1
182	16	99	1
183	16	101	1
184	16	103	1
185	16	118	1
186	16	133	1
187	16	141	1
188	16	156	1
189	16	165	1
190	16	176	1
191	17	18	1
192	17	26	1
193	17	40	1
194	17	49	1
195	17	82	1
196	17	97	1
197	17	104	1
198	17	149	1
199	18	25	1
200	18	74	1
201	19	111	1
202	19	128	1
203	19	129	1
204	20	37	1
205	20	76	1
206	20	98	1
207	21	45	1
208	23	41	1
209	23	55	1
210	23	61	1
211	23	79	1
212	23	112	1
213	23	144	1
214	23	152	1
215	23	169	1
216	24	56	1
217	24	66	1
218	24	83	1
219	24	103	1
220	24	140	1
221	24	171	1
222	25	36	1
223	27	47	1
224	28	32	1
225	28	62	1
226	28	125	1
227	28	155	1
228	30	52	1
229	30	66	1
230	30	114	1
231	30	124	1
232	30	176	1
233	31	171	1
234	32	47	1
235	32	87	1
236	32	157	1
237	33	77	1
238	33	146	1
239	34	56	1
240	34	99	1
241	35	138	1
242	36	42	1
243	36	122	1
244	37	53	1
245	37	77	1
246	37	113	1
247	37	168	1
248	38	68	1
249	38	90	1
250	39	42	1
251	39	45	1
252	39	67	1
253	39	115	1
254	39	135	1
255	40	41	1
256	40	98	1
257	41	43	1
258	41	44	1
259	41	140	1
260	41	143	1
261	41	157	1
262	42	59	1
263	42	72	1
264	42	89	1
265	42	135	1
266	43	58	1
267	44	126	1
268	44	163	1
269	46	54	1
270	47	143	1
271	49	154	1
272	50	63	1
273	50	164	1
274	51	108	1
275	52	75	1
276	53	71	1
277	53	78	1
278	54	89	1
279	55	73	1
280	55	81	1
281	56	58	1
282	56	61	1
283	56	65	1
284	56	71	1
285	56	88	1
286	56	116	1
287	56	137	1
288	56	165	1
289	56	166	1
290	56	174	1
291	61	102	1
292	62	177	1
293	63	110	1
294	63	166	1
295	68	78	1
296	68	83	1
297	69	179	1
298	70	79	1
299	70	85	1
300	70	95	1
301	70	150	1
302	70	155	1
303	71	110	1
304	71	179	1
305	74	86	1
306	75	97	1
307	75	121	1
308	75	123	1
309	76	82	1
310	78	93	1
311	78	115	1
312	78	138	1
313	81	132	1
314	83	107	1
315	83	130	1
316	84	139	1
317	84	148	1
318	85	90	1
319	85	172	1
320	86	112	1
321	87	153	1
322	88	91	1
323	89	94	1
324	89	113	1
325	89	127	1
326	90	92	1
327	92	133	1
328	92	161	1
329	94	175	1
330	95	109	1
331	95	159	1
332	96	114	1
333	96	117	1
334	97	153	1
335	97	175	1
336	100	107	1
337	101	109	1
338	101	117	1
339	105	123	1
340	105	128	1
341	105	130	1
342	107	142	1
343	110	172	1
344	114	131	1
345	114	162	1
346	114	170	1
347	118	120	1
348	119	134	1
349	122	156	1
350	143	158	1
351	143	161	1
352	151	169	1
353	153	163	1
354	162	167	1
355	172	178	1
