Link_index	Source	Destination	Capacity(kbps)
0	0	8	1
1	0	12	1
2	0	16	1
3	0	19	1
4	0	25	1
5	0	27	1
6	0	34	1
7	0	41	1
8	0	71	1
9	0	77	1
10	0	89	1
11	1	3	1
12	1	16	1
13	1	19	1
14	1	23	1
15	1	35	1
16	1	45	1
17	1	65	1
18	1	73	1
19	1	86	1
20	2	11	1
21	2	16	1
22	2	25	1
23	2	26	1
24	2	31	1
25	2	42	1
26	2	51	1
27	2	55	1
28	2	70	1
29	2	77	1
30	3	7	1
31	3	13	1
32	3	40	1
33	3	46	1
34	3	59	1
35	3	81	1
36	3	82	1
37	3	84	1
38	4	21	1
39	4	27	1
40	4	28	1
41	4	30	1
42	4	33	1
43	4	40	1
44	4	49	1
45	4	68	1
46	4	72	1
47	4	78	1
48	4	81	1
49	5	17	1
50	5	30	1
51	5	34	1
52	5	61	1
53	5	72	1
54	5	76	1
55	5	84	1
56	6	10	1
57	6	22	1
58	6	31	1
59	6	34	1
60	6	40	1
61	6	41	1
62	6	45	1
63	6	48	1
64	6	52	1
65	7	14	1
66	7	26	1
67	7	37	1
68	7	46	1
69	7	49	1
70	7	51	1
71	7	62	1
72	7	71	1
73	8	16	1
74	8	27	1
75	8	35	1
76	8	52	1
77	8	84	1
78	9	22	1
79	9	31	1
80	9	40	1
81	9	52	1
82	9	68	1
83	9	77	1
84	10	12	1
85	10	20	1
86	10	24	1
87	10	37	1
88	10	49	1
89	10	65	1
90	10	74	1
91	11	32	1
92	11	47	1
93	11	50	1
94	11	72	1
95	11	78	1
96	11	88	1
97	12	14	1
98	12	16	1
99	12	17	1
100	12	51	1
101	12	78	1
102	13	14	1
103	13	24	1
104	13	36	1
105	13	38	1
106	13	49	1
107	13	50	1
108	13	68	1
109	13	79	1
110	13	82	1
111	13	84	1
112	14	15	1
113	14	22	1
114	14	33	1
115	14	36	1
116	14	40	1
117	14	43	1
118	14	51	1
119	14	79	1
120	14	87	1
121	15	36	1
122	15	43	1
123	15	61	1
124	15	65	1
125	15	70	1
126	15	76	1
127	15	77	1
128	16	28	1
129	16	35	1
130	16	51	1
131	16	54	1
132	16	75	1
133	16	85	1
134	17	49	1
135	17	62	1
136	17	64	1
137	17	76	1
138	17	82	1
139	17	87	1
140	17	88	1
141	18	28	1
142	18	53	1
143	18	63	1
144	18	78	1
145	18	82	1
146	18	89	1
147	19	21	1
148	19	22	1
149	19	41	1
150	19	42	1
151	19	68	1
152	19	82	1
153	20	26	1
154	20	30	1
155	20	36	1
156	20	39	1
157	20	45	1
158	20	46	1
159	20	66	1
160	20	67	1
161	20	82	1
162	21	41	1
163	21	84	1
164	21	88	1
165	22	23	1
166	22	40	1
167	22	46	1
168	22	64	1
169	22	69	1
170	22	75	1
171	22	83	1
172	23	27	1
173	23	32	1
174	23	80	1
175	24	56	1
176	24	60	1
177	24	65	1
178	24	68	1
179	25	30	1
180	25	51	1
181	25	55	1
182	25	77	1
183	26	30	1
184	26	36	1
185	26	53	1
186	26	74	1
187	26	75	1
188	26	82	1
189	26	87	1
190	27	29	1
191	27	38	1
192	27	40	1
193	27	48	1
194	27	55	1
195	27	75	1
196	27	85	1
197	27	86	1
198	28	35	1
199	28	62	1
200	28	65	1
201	28	70	1
202	28	80	1
203	29	36	1
204	29	51	1
205	29	53	1
206	29	64	1
207	29	75	1
208	30	32	1
209	30	44	1
210	30	57	1
211	30	59	1
212	30	74	1
213	30	78	1
214	30	80	1
215	30	82	1
216	30	85	1
217	31	47	1
218	31	59	1
219	31	82	1
220	31	89	1
221	32	45	1
222	32	47	1
223	32	68	1
224	32	85	1
225	33	38	1
226	33	68	1
227	33	75	1
228	33	84	1
229	34	35	1
230	34	44	1
231	34	61	1
232	35	39	1
233	35	45	1
234	35	49	1
235	35	54	1
236	35	61	1
237	35	68	1
238	35	75	1
239	36	50	1
240	36	51	1
241	36	63	1
242	36	83	1
243	37	39	1
244	37	44	1
245	37	60	1
246	37	73	1
247	37	76	1
248	38	41	1
249	38	53	1
250	38	65	1
251	38	80	1
252	39	51	1
253	39	57	1
254	39	61	1
255	39	70	1
256	39	71	1
257	39	82	1
258	39	87	1
259	39	89	1
260	40	53	1
261	40	54	1
262	40	65	1
263	40	69	1
264	40	82	1
265	40	87	1
266	41	44	1
267	41	58	1
268	41	66	1
269	41	85	1
270	42	49	1
271	42	63	1
272	42	67	1
273	42	68	1
274	42	72	1
275	42	75	1
276	42	76	1
277	42	80	1
278	42	89	1
279	43	46	1
280	43	71	1
281	43	80	1
282	44	48	1
283	44	60	1
284	44	69	1
285	45	48	1
286	45	62	1
287	45	73	1
288	45	83	1
289	46	62	1
290	46	78	1
291	47	48	1
292	47	62	1
293	47	87	1
294	47	88	1
295	48	55	1
296	48	78	1
297	49	64	1
298	49	67	1
299	49	77	1
300	49	80	1
301	49	85	1
302	49	88	1
303	50	51	1
304	50	53	1
305	50	70	1
306	50	80	1
307	51	55	1
308	51	58	1
309	51	71	1
310	52	86	1
311	52	89	1
312	54	66	1
313	54	73	1
314	54	82	1
315	55	67	1
316	55	68	1
317	56	66	1
318	57	59	1
319	57	78	1
320	57	82	1
321	57	88	1
322	58	73	1
323	58	88	1
324	59	75	1
325	59	78	1
326	59	81	1
327	59	88	1
328	60	71	1
329	61	68	1
330	61	71	1
331	61	73	1
332	61	76	1
333	61	80	1
334	61	83	1
335	61	85	1
336	62	77	1
337	62	78	1
338	62	81	1
339	62	86	1
340	63	70	1
341	63	78	1
342	64	65	1
343	64	77	1
344	65	78	1
345	65	80	1
346	66	73	1
347	66	84	1
348	67	79	1
349	67	84	1
350	68	85	1
351	69	82	1
352	69	84	1
353	70	71	1
354	70	85	1
355	70	87	1
356	71	75	1
357	71	80	1
358	71	83	1
359	71	87	1
360	71	88	1
361	72	84	1
362	75	77	1
363	75	79	1
364	75	83	1
365	75	88	1
366	77	89	1
367	79	87	1
368	81	89	1
369	82	85	1
370	83	86	1
371	84	88	1
372	86	87	1
373	86	88	1
