Link_index	Source	Destination	Capacity(kbps)
0	0	2	1
1	0	3	1
2	0	4	1
3	0	5	1
4	0	6	1
5	0	8	1
6	0	12	1
7	0	20	1
8	0	22	1
9	0	37	1
10	0	41	1
11	0	44	1
12	0	61	1
13	0	66	1
14	0	75	1
15	0	82	1
16	0	84	1
17	0	118	1
18	0	131	1
19	0	132	1
20	0	134	1
21	0	156	1
22	1	2	1
23	1	4	1
24	1	107	1
25	1	162	1
26	2	3	1
27	2	5	1
28	2	7	1
29	2	8	1
30	2	9	1
31	2	11	1
32	2	15	1
33	2	17	1
34	2	18	1
35	2	20	1
36	2	26	1
37	2	27	1
38	2	33	1
39	2	46	1
40	2	49	1
41	2	55	1
42	2	59	1
43	2	72	1
44	2	98	1
45	2	99	1
46	2	121	1
47	2	124	1
48	2	129	1
49	2	140	1
50	2	151	1
51	2	156	1
52	3	9	1
53	3	11	1
54	3	12	1
55	3	16	1
56	3	43	1
57	3	47	1
58	3	72	1
59	3	82	1
60	3	123	1
61	3	127	1
62	3	150	1
63	3	154	1
64	4	23	1
65	4	24	1
66	4	27	1
67	4	31	1
68	4	36	1
69	4	56	1
70	4	65	1
71	4	69	1
72	4	79	1
73	4	86	1
74	4	99	1
75	4	105	1
76	4	142	1
77	5	6	1
78	5	10	1
79	5	23	1
80	5	25	1
81	5	29	1
82	5	42	1
83	5	43	1
84	5	66	1
85	5	67	1
86	5	68	1
87	5	81	1
88	5	85	1
89	5	98	1
90	5	112	1
91	5	113	1
92	5	121	1
93	6	7	1
94	6	13	1
95	6	16	1
96	6	39	1
97	6	49	1
98	6	100	1
99	6	104	1
100	7	31	1
101	7	35	1
102	7	50	1
103	7	61	1
104	7	122	1
105	7	131	1
106	8	10	1
107	8	13	1
108	8	14	1
109	8	15	1
110	8	25	1
111	8	34	1
112	8	48	1
113	8	51	1
114	8	54	1
115	8	60	1
116	8	67	1
117	8	70	1
118	8	90	1
119	8	95	1
120	8	96	1
121	8	111	1
122	8	114	1
123	8	120	1
124	8	128	1
125	8	141	1
126	8	143	1
127	8	149	1
128	8	159	1
129	8	167	1
130	9	22	1
131	9	30	1
132	9	32	1
133	9	45	1
134	9	51	1
135	9	56	1
136	9	70	1
137	9	73	1
138	9	88	1
139	9	100	1
140	9	117	1
141	9	145	1
142	9	172	1
143	10	14	1
144	10	21	1
145	10	32	1
146	10	42	1
147	10	46	1
148	10	58	1
149	10	62	1
150	10	174	1
151	10	178	1
152	11	97	1
153	12	26	1
154	12	164	1
155	13	17	1
156	13	18	1
157	13	19	1
158	13	21	1
159	13	41	1
160	13	64	1
161	13	71	1
162	13	76	1
163	13	81	1
164	13	83	1
165	13	84	1
166	13	160	1
167	13	163	1
168	13	164	1
169	13	178	1
170	14	28	1
171	14	53	1
172	14	64	1
173	15	19	1
174	15	29	1
175	15	37	1
176	15	38	1
177	15	65	1
178	15	117	1
179	15	161	1
180	15	173	1
181	16	33	1
182	16	71	1
183	16	94	1
184	16	122	1
185	17	24	1
186	17	34	1
187	17	44	1
188	17	52	1
189	18	30	1
190	18	59	1
191	18	94	1
192	18	101	1
193	19	57	1
194	19	90	1
195	19	125	1
196	21	39	1
197	21	134	1
198	22	35	1
199	22	63	1
200	22	73	1
201	22	93	1
202	22	129	1
203	22	158	1
204	22	165	1
205	24	62	1
206	24	123	1
207	24	139	1
208	24	171	1
209	25	40	1
210	25	50	1
211	25	74	1
212	25	77	1
213	25	79	1
214	25	106	1
215	25	116	1
216	25	158	1
217	25	175	1
218	26	40	1
219	26	55	1
220	26	60	1
221	26	68	1
222	26	80	1
223	26	88	1
224	26	89	1
225	26	96	1
226	26	133	1
227	26	177	1
228	27	28	1
229	27	38	1
230	28	130	1
231	29	78	1
232	29	113	1
233	31	76	1
234	31	108	1
235	32	89	1
236	33	36	1
237	33	45	1
238	33	57	1
239	33	74	1
240	33	146	1
241	33	167	1
242	34	48	1
243	34	54	1
244	34	85	1
245	34	152	1
246	35	170	1
247	36	176	1
248	37	63	1
249	37	148	1
250	38	47	1
251	38	52	1
252	38	109	1
253	38	133	1
254	38	168	1
255	39	87	1
256	39	135	1
257	39	137	1
258	39	161	1
259	43	53	1
260	44	83	1
261	45	69	1
262	46	87	1
263	49	91	1
264	49	144	1
265	49	163	1
266	49	169	1
267	50	101	1
268	50	103	1
269	50	155	1
270	51	102	1
271	51	115	1
272	51	159	1
273	51	179	1
274	52	154	1
275	54	111	1
276	56	58	1
277	56	91	1
278	56	92	1
279	59	109	1
280	59	165	1
281	60	104	1
282	62	77	1
283	63	78	1
284	63	80	1
285	65	157	1
286	67	127	1
287	68	75	1
288	69	147	1
289	69	151	1
290	72	128	1
291	73	114	1
292	73	126	1
293	74	173	1
294	75	95	1
295	77	86	1
296	77	93	1
297	77	115	1
298	79	102	1
299	79	103	1
300	79	105	1
301	79	119	1
302	81	106	1
303	83	112	1
304	84	176	1
305	87	92	1
306	87	116	1
307	87	140	1
308	88	108	1
309	93	125	1
310	93	136	1
311	95	97	1
312	95	138	1
313	95	147	1
314	95	172	1
315	97	119	1
316	99	146	1
317	100	110	1
318	100	118	1
319	100	166	1
320	101	107	1
321	101	120	1
322	101	137	1
323	103	126	1
324	105	110	1
325	105	162	1
326	106	148	1
327	106	153	1
328	108	155	1
329	110	145	1
330	110	150	1
331	111	177	1
332	112	132	1
333	114	142	1
334	117	135	1
335	117	139	1
336	117	144	1
337	118	124	1
338	121	136	1
339	121	153	1
340	121	168	1
341	123	130	1
342	123	149	1
343	123	170	1
344	126	143	1
345	126	157	1
346	132	138	1
347	136	141	1
348	138	174	1
349	145	152	1
350	147	160	1
351	153	179	1
352	162	166	1
353	162	171	1
354	168	169	1
355	173	175	1
