Link_index	Source	Destination	Capacity(kbps)
0	0	2	1
1	0	3	1
2	0	4	1
3	0	34	1
4	0	48	1
5	0	85	1
6	0	106	1
7	0	124	1
8	0	142	1
9	0	148	1
10	0	188	1
11	1	2	1
12	1	5	1
13	1	8	1
14	1	13	1
15	1	46	1
16	1	55	1
17	1	56	1
18	1	71	1
19	1	98	1
20	1	104	1
21	2	3	1
22	2	5	1
23	2	6	1
24	2	7	1
25	2	11	1
26	2	12	1
27	2	13	1
28	2	14	1
29	2	15	1
30	2	16	1
31	2	18	1
32	2	19	1
33	2	24	1
34	2	25	1
35	2	27	1
36	2	28	1
37	2	31	1
38	2	32	1
39	2	35	1
40	2	39	1
41	2	41	1
42	2	43	1
43	2	45	1
44	2	58	1
45	2	64	1
46	2	66	1
47	2	68	1
48	2	72	1
49	2	82	1
50	2	86	1
51	2	88	1
52	2	96	1
53	2	102	1
54	2	108	1
55	2	120	1
56	2	124	1
57	2	128	1
58	2	136	1
59	2	140	1
60	2	147	1
61	2	148	1
62	2	150	1
63	2	161	1
64	2	173	1
65	2	177	1
66	2	179	1
67	2	183	1
68	2	184	1
69	2	185	1
70	2	194	1
71	2	195	1
72	3	4	1
73	3	6	1
74	3	10	1
75	3	12	1
76	3	14	1
77	3	23	1
78	3	29	1
79	3	35	1
80	3	56	1
81	3	65	1
82	3	69	1
83	3	73	1
84	3	77	1
85	3	91	1
86	3	99	1
87	3	145	1
88	3	196	1
89	4	9	1
90	4	21	1
91	4	26	1
92	4	57	1
93	4	58	1
94	4	75	1
95	4	78	1
96	4	82	1
97	4	99	1
98	4	109	1
99	4	131	1
100	4	133	1
101	4	176	1
102	5	7	1
103	5	8	1
104	5	17	1
105	5	19	1
106	5	21	1
107	5	22	1
108	5	25	1
109	5	47	1
110	5	50	1
111	5	62	1
112	5	84	1
113	5	86	1
114	5	91	1
115	5	94	1
116	5	96	1
117	5	105	1
118	5	110	1
119	5	112	1
120	5	129	1
121	5	135	1
122	5	164	1
123	5	182	1
124	5	187	1
125	6	9	1
126	6	10	1
127	6	27	1
128	6	28	1
129	6	29	1
130	6	32	1
131	6	33	1
132	6	36	1
133	6	41	1
134	6	100	1
135	6	129	1
136	7	20	1
137	7	92	1
138	7	143	1
139	7	149	1
140	8	23	1
141	8	37	1
142	8	53	1
143	8	84	1
144	8	119	1
145	8	133	1
146	10	11	1
147	10	18	1
148	10	103	1
149	10	151	1
150	10	190	1
151	11	16	1
152	11	33	1
153	11	37	1
154	11	54	1
155	11	59	1
156	11	65	1
157	11	77	1
158	11	95	1
159	11	137	1
160	11	155	1
161	11	199	1
162	12	30	1
163	12	62	1
164	12	165	1
165	12	179	1
166	12	181	1
167	13	30	1
168	13	67	1
169	13	100	1
170	13	117	1
171	13	192	1
172	14	15	1
173	14	156	1
174	15	17	1
175	15	20	1
176	15	42	1
177	15	51	1
178	15	115	1
179	15	155	1
180	16	38	1
181	17	22	1
182	17	24	1
183	17	61	1
184	17	64	1
185	17	92	1
186	17	113	1
187	17	115	1
188	17	116	1
189	17	141	1
190	17	159	1
191	17	163	1
192	17	168	1
193	17	172	1
194	17	186	1
195	18	55	1
196	18	61	1
197	18	113	1
198	18	127	1
199	19	43	1
200	19	63	1
201	19	76	1
202	19	90	1
203	19	125	1
204	19	160	1
205	19	180	1
206	20	44	1
207	20	52	1
208	20	63	1
209	20	98	1
210	20	130	1
211	20	135	1
212	20	139	1
213	20	143	1
214	20	149	1
215	20	160	1
216	20	166	1
217	20	171	1
218	20	177	1
219	20	181	1
220	22	88	1
221	22	95	1
222	22	178	1
223	23	26	1
224	23	74	1
225	23	80	1
226	23	151	1
227	24	192	1
228	25	45	1
229	25	97	1
230	25	153	1
231	25	165	1
232	25	197	1
233	26	31	1
234	26	38	1
235	26	53	1
236	26	60	1
237	26	110	1
238	26	138	1
239	26	180	1
240	27	42	1
241	27	198	1
242	28	40	1
243	28	47	1
244	28	49	1
245	28	107	1
246	28	118	1
247	28	146	1
248	29	36	1
249	29	87	1
250	29	106	1
251	30	34	1
252	30	40	1
253	30	57	1
254	30	76	1
255	30	89	1
256	30	101	1
257	30	145	1
258	30	169	1
259	31	93	1
260	32	118	1
261	32	144	1
262	32	190	1
263	33	54	1
264	33	123	1
265	34	39	1
266	35	72	1
267	35	103	1
268	35	168	1
269	36	66	1
270	36	121	1
271	36	157	1
272	36	183	1
273	37	127	1
274	38	51	1
275	38	69	1
276	38	87	1
277	38	120	1
278	39	50	1
279	39	81	1
280	39	85	1
281	39	93	1
282	40	59	1
283	40	74	1
284	42	52	1
285	42	70	1
286	42	119	1
287	42	123	1
288	42	197	1
289	42	198	1
290	43	44	1
291	43	46	1
292	43	78	1
293	43	80	1
294	43	101	1
295	43	102	1
296	43	116	1
297	43	138	1
298	43	199	1
299	44	48	1
300	45	121	1
301	47	49	1
302	47	67	1
303	47	83	1
304	47	117	1
305	47	134	1
306	47	156	1
307	47	162	1
308	47	167	1
309	48	60	1
310	48	70	1
311	48	150	1
312	50	187	1
313	51	162	1
314	52	89	1
315	52	193	1
316	53	134	1
317	53	152	1
318	53	176	1
319	54	107	1
320	54	109	1
321	54	111	1
322	55	68	1
323	56	90	1
324	56	153	1
325	58	114	1
326	60	71	1
327	60	194	1
328	63	122	1
329	63	125	1
330	63	157	1
331	66	79	1
332	66	131	1
333	67	83	1
334	67	161	1
335	68	79	1
336	68	97	1
337	69	140	1
338	70	75	1
339	70	112	1
340	70	122	1
341	70	158	1
342	72	73	1
343	74	142	1
344	75	126	1
345	76	144	1
346	77	147	1
347	80	81	1
348	80	169	1
349	81	154	1
350	81	163	1
351	84	164	1
352	85	94	1
353	88	130	1
354	88	193	1
355	93	173	1
356	93	186	1
357	95	159	1
358	97	170	1
359	98	108	1
360	98	139	1
361	100	104	1
362	103	174	1
363	104	105	1
364	104	182	1
365	105	114	1
366	106	158	1
367	107	154	1
368	107	172	1
369	110	111	1
370	110	132	1
371	110	152	1
372	110	174	1
373	112	178	1
374	118	136	1
375	119	128	1
376	119	137	1
377	119	141	1
378	123	132	1
379	123	171	1
380	124	126	1
381	126	189	1
382	129	166	1
383	141	188	1
384	143	146	1
385	144	189	1
386	156	167	1
387	158	175	1
388	160	170	1
389	160	184	1
390	167	175	1
391	177	185	1
392	180	195	1
393	181	196	1
394	185	191	1
395	187	191	1
