Link_index	Source	Destination	Capacity(kbps)
0	0	14	1
1	0	30	1
2	0	31	1
3	0	39	1
4	0	90	1
5	0	94	1
6	0	112	1
7	0	115	1
8	1	40	1
9	1	59	1
10	1	65	1
11	1	67	1
12	1	90	1
13	1	126	1
14	2	5	1
15	2	29	1
16	2	52	1
17	2	76	1
18	2	80	1
19	2	89	1
20	2	119	1
21	2	130	1
22	3	9	1
23	3	16	1
24	3	66	1
25	3	70	1
26	3	105	1
27	3	127	1
28	3	129	1
29	3	131	1
30	3	138	1
31	4	11	1
32	4	33	1
33	4	44	1
34	4	70	1
35	4	71	1
36	4	86	1
37	4	96	1
38	4	104	1
39	4	105	1
40	4	108	1
41	4	111	1
42	4	132	1
43	4	134	1
44	5	16	1
45	5	39	1
46	5	80	1
47	5	114	1
48	5	122	1
49	5	129	1
50	6	44	1
51	6	46	1
52	6	99	1
53	7	9	1
54	7	39	1
55	7	45	1
56	7	64	1
57	7	68	1
58	7	73	1
59	7	104	1
60	8	9	1
61	8	27	1
62	8	30	1
63	8	40	1
64	8	42	1
65	8	95	1
66	8	106	1
67	8	116	1
68	8	120	1
69	8	124	1
70	9	22	1
71	9	39	1
72	9	42	1
73	9	63	1
74	9	64	1
75	9	73	1
76	9	84	1
77	9	93	1
78	9	104	1
79	9	137	1
80	10	20	1
81	10	39	1
82	10	40	1
83	10	75	1
84	10	121	1
85	11	29	1
86	11	77	1
87	11	84	1
88	12	62	1
89	12	76	1
90	12	88	1
91	12	122	1
92	12	124	1
93	12	126	1
94	13	22	1
95	13	64	1
96	13	66	1
97	13	68	1
98	13	125	1
99	14	28	1
100	14	37	1
101	14	68	1
102	15	24	1
103	15	33	1
104	15	36	1
105	15	45	1
106	15	83	1
107	15	105	1
108	15	137	1
109	16	24	1
110	16	25	1
111	16	48	1
112	16	67	1
113	16	72	1
114	16	85	1
115	16	98	1
116	16	102	1
117	16	104	1
118	16	119	1
119	17	58	1
120	17	73	1
121	17	98	1
122	17	106	1
123	18	21	1
124	18	58	1
125	18	61	1
126	18	90	1
127	18	128	1
128	19	33	1
129	19	36	1
130	19	45	1
131	19	54	1
132	19	55	1
133	19	109	1
134	20	64	1
135	20	87	1
136	20	114	1
137	21	29	1
138	21	54	1
139	21	63	1
140	21	85	1
141	21	103	1
142	22	29	1
143	22	78	1
144	22	91	1
145	22	97	1
146	22	104	1
147	22	105	1
148	22	118	1
149	23	29	1
150	23	33	1
151	23	67	1
152	23	127	1
153	24	95	1
154	24	130	1
155	24	134	1
156	25	30	1
157	25	35	1
158	25	42	1
159	25	44	1
160	25	69	1
161	25	77	1
162	25	99	1
163	26	48	1
164	27	40	1
165	27	51	1
166	27	60	1
167	27	100	1
168	27	133	1
169	27	138	1
170	28	33	1
171	28	39	1
172	28	50	1
173	28	69	1
174	28	101	1
175	28	120	1
176	28	139	1
177	29	42	1
178	29	58	1
179	29	95	1
180	29	112	1
181	29	118	1
182	30	33	1
183	30	53	1
184	30	73	1
185	30	108	1
186	30	121	1
187	30	131	1
188	31	32	1
189	31	56	1
190	31	86	1
191	31	110	1
192	31	137	1
193	32	33	1
194	32	50	1
195	32	58	1
196	32	78	1
197	32	124	1
198	32	137	1
199	33	45	1
200	33	73	1
201	33	138	1
202	34	38	1
203	34	54	1
204	34	57	1
205	34	80	1
206	34	95	1
207	34	101	1
208	34	102	1
209	34	128	1
210	35	43	1
211	35	83	1
212	35	93	1
213	35	95	1
214	35	101	1
215	35	126	1
216	36	45	1
217	36	97	1
218	36	105	1
219	36	136	1
220	37	55	1
221	37	58	1
222	37	100	1
223	37	105	1
224	37	117	1
225	38	43	1
226	38	65	1
227	38	66	1
228	38	72	1
229	38	79	1
230	38	110	1
231	38	113	1
232	38	117	1
233	39	55	1
234	39	63	1
235	39	78	1
236	39	89	1
237	40	41	1
238	40	46	1
239	40	76	1
240	40	86	1
241	40	101	1
242	40	117	1
243	41	82	1
244	41	112	1
245	41	121	1
246	41	133	1
247	41	136	1
248	42	44	1
249	42	50	1
250	42	51	1
251	42	75	1
252	42	121	1
253	42	127	1
254	42	131	1
255	43	92	1
256	44	48	1
257	45	83	1
258	45	99	1
259	45	102	1
260	46	78	1
261	46	82	1
262	46	86	1
263	46	118	1
264	46	139	1
265	47	53	1
266	47	58	1
267	47	60	1
268	47	63	1
269	47	66	1
270	47	68	1
271	47	71	1
272	47	78	1
273	47	88	1
274	47	89	1
275	47	116	1
276	47	125	1
277	47	139	1
278	48	100	1
279	48	104	1
280	48	112	1
281	48	115	1
282	49	82	1
283	49	85	1
284	49	107	1
285	49	112	1
286	50	82	1
287	50	119	1
288	50	131	1
289	51	62	1
290	51	77	1
291	51	85	1
292	51	95	1
293	51	98	1
294	51	114	1
295	51	115	1
296	51	116	1
297	51	119	1
298	51	128	1
299	51	134	1
300	52	54	1
301	52	60	1
302	52	89	1
303	52	90	1
304	52	96	1
305	52	113	1
306	52	114	1
307	52	129	1
308	53	72	1
309	53	77	1
310	53	97	1
311	53	102	1
312	53	133	1
313	54	69	1
314	54	85	1
315	54	106	1
316	54	123	1
317	55	60	1
318	55	62	1
319	55	64	1
320	55	65	1
321	55	94	1
322	55	104	1
323	55	129	1
324	56	67	1
325	56	90	1
326	56	94	1
327	56	117	1
328	56	133	1
329	57	65	1
330	57	76	1
331	57	88	1
332	57	105	1
333	58	82	1
334	58	88	1
335	58	91	1
336	58	96	1
337	58	105	1
338	58	121	1
339	59	73	1
340	59	84	1
341	60	62	1
342	60	111	1
343	60	125	1
344	60	126	1
345	60	129	1
346	61	78	1
347	61	116	1
348	61	120	1
349	61	122	1
350	61	138	1
351	62	77	1
352	62	93	1
353	62	129	1
354	62	132	1
355	62	136	1
356	63	99	1
357	63	119	1
358	63	123	1
359	63	128	1
360	64	73	1
361	64	99	1
362	65	70	1
363	65	79	1
364	65	92	1
365	65	126	1
366	66	75	1
367	66	78	1
368	66	112	1
369	66	132	1
370	66	133	1
371	67	69	1
372	68	111	1
373	68	115	1
374	69	74	1
375	69	81	1
376	69	98	1
377	69	102	1
378	69	113	1
379	70	117	1
380	70	124	1
381	71	93	1
382	71	124	1
383	72	105	1
384	72	126	1
385	73	75	1
386	73	95	1
387	73	137	1
388	74	82	1
389	74	91	1
390	74	101	1
391	74	118	1
392	74	125	1
393	75	130	1
394	75	135	1
395	75	136	1
396	75	137	1
397	76	94	1
398	76	134	1
399	77	78	1
400	77	80	1
401	77	96	1
402	77	112	1
403	77	118	1
404	77	125	1
405	79	81	1
406	79	86	1
407	79	95	1
408	79	98	1
409	79	102	1
410	79	103	1
411	79	104	1
412	79	121	1
413	79	133	1
414	80	86	1
415	80	89	1
416	80	96	1
417	82	122	1
418	83	86	1
419	83	92	1
420	83	97	1
421	83	125	1
422	83	131	1
423	83	136	1
424	83	137	1
425	84	92	1
426	84	110	1
427	84	130	1
428	84	135	1
429	85	89	1
430	85	91	1
431	86	92	1
432	86	120	1
433	86	122	1
434	86	123	1
435	86	134	1
436	87	89	1
437	87	96	1
438	88	95	1
439	88	122	1
440	89	91	1
441	89	92	1
442	89	94	1
443	89	102	1
444	90	94	1
445	90	108	1
446	91	93	1
447	91	103	1
448	91	114	1
449	91	120	1
450	91	122	1
451	91	139	1
452	92	108	1
453	92	124	1
454	93	110	1
455	93	133	1
456	94	97	1
457	94	104	1
458	94	118	1
459	94	122	1
460	95	119	1
461	96	101	1
462	96	124	1
463	98	104	1
464	98	114	1
465	98	136	1
466	99	111	1
467	99	118	1
468	100	104	1
469	100	110	1
470	101	106	1
471	101	117	1
472	101	133	1
473	102	106	1
474	103	104	1
475	103	125	1
476	104	113	1
477	104	114	1
478	104	117	1
479	104	120	1
480	105	137	1
481	105	139	1
482	107	118	1
483	107	121	1
484	107	125	1
485	108	131	1
486	110	136	1
487	111	127	1
488	112	121	1
489	112	129	1
490	113	123	1
491	113	126	1
492	114	127	1
493	114	131	1
494	114	134	1
495	115	135	1
496	116	127	1
497	116	128	1
498	117	129	1
499	118	129	1
500	118	134	1
501	119	122	1
502	119	133	1
503	120	122	1
504	121	128	1
505	121	134	1
506	123	134	1
507	123	137	1
508	124	137	1
509	128	138	1
510	129	131	1
511	131	133	1
