Link_index	Source	Destination	Capacity(kbps)
0	0	1	1
1	0	2	1
2	0	21	1
3	0	24	1
4	0	52	1
5	0	53	1
6	0	91	1
7	1	10	1
8	1	33	1
9	1	36	1
10	1	40	1
11	1	64	1
12	1	66	1
13	1	71	1
14	1	73	1
15	1	74	1
16	2	3	1
17	2	13	1
18	2	21	1
19	2	26	1
20	2	33	1
21	2	35	1
22	2	61	1
23	2	63	1
24	2	77	1
25	2	78	1
26	2	79	1
27	2	93	1
28	3	7	1
29	3	13	1
30	3	15	1
31	3	18	1
32	3	22	1
33	3	26	1
34	3	38	1
35	3	39	1
36	3	40	1
37	3	41	1
38	3	48	1
39	3	60	1
40	3	63	1
41	3	66	1
42	3	73	1
43	3	77	1
44	3	89	1
45	3	93	1
46	4	24	1
47	4	33	1
48	4	43	1
49	4	57	1
50	4	68	1
51	4	74	1
52	4	83	1
53	5	19	1
54	5	53	1
55	5	97	1
56	6	11	1
57	6	36	1
58	6	41	1
59	6	51	1
60	6	54	1
61	6	73	1
62	6	75	1
63	6	86	1
64	6	96	1
65	7	19	1
66	7	37	1
67	7	46	1
68	7	50	1
69	7	52	1
70	7	66	1
71	7	67	1
72	7	76	1
73	7	78	1
74	8	10	1
75	8	12	1
76	8	24	1
77	8	25	1
78	8	36	1
79	8	37	1
80	8	46	1
81	8	51	1
82	8	58	1
83	8	76	1
84	8	79	1
85	8	84	1
86	8	95	1
87	9	14	1
88	9	15	1
89	9	25	1
90	9	50	1
91	9	54	1
92	9	69	1
93	9	78	1
94	10	28	1
95	10	37	1
96	10	41	1
97	10	49	1
98	10	61	1
99	10	65	1
100	10	67	1
101	10	69	1
102	10	71	1
103	10	82	1
104	10	88	1
105	10	90	1
106	11	50	1
107	11	53	1
108	11	55	1
109	11	58	1
110	11	60	1
111	11	61	1
112	11	65	1
113	11	70	1
114	11	73	1
115	11	82	1
116	11	84	1
117	11	85	1
118	11	89	1
119	11	97	1
120	12	23	1
121	12	30	1
122	12	32	1
123	12	49	1
124	12	59	1
125	12	62	1
126	12	65	1
127	12	69	1
128	12	70	1
129	12	71	1
130	12	81	1
131	12	94	1
132	12	96	1
133	13	14	1
134	13	44	1
135	13	45	1
136	13	55	1
137	13	66	1
138	13	70	1
139	13	75	1
140	13	84	1
141	13	89	1
142	14	19	1
143	14	35	1
144	14	36	1
145	14	42	1
146	14	44	1
147	14	51	1
148	14	71	1
149	14	76	1
150	14	86	1
151	14	89	1
152	14	93	1
153	14	96	1
154	14	99	1
155	15	44	1
156	15	48	1
157	15	58	1
158	15	60	1
159	15	61	1
160	15	71	1
161	15	78	1
162	15	81	1
163	15	95	1
164	16	19	1
165	16	29	1
166	16	62	1
167	17	52	1
168	17	72	1
169	17	75	1
170	17	95	1
171	18	41	1
172	18	43	1
173	18	45	1
174	18	49	1
175	18	50	1
176	18	51	1
177	18	54	1
178	18	76	1
179	18	83	1
180	18	86	1
181	18	88	1
182	18	99	1
183	19	31	1
184	19	34	1
185	19	35	1
186	19	38	1
187	19	40	1
188	19	43	1
189	19	49	1
190	19	52	1
191	19	55	1
192	19	60	1
193	19	63	1
194	19	84	1
195	19	99	1
196	20	26	1
197	20	37	1
198	20	58	1
199	20	59	1
200	20	70	1
201	20	80	1
202	20	97	1
203	21	22	1
204	21	26	1
205	21	59	1
206	21	78	1
207	21	98	1
208	22	43	1
209	22	53	1
210	22	58	1
211	22	59	1
212	22	75	1
213	22	78	1
214	22	79	1
215	22	85	1
216	22	88	1
217	22	91	1
218	23	37	1
219	23	38	1
220	23	51	1
221	23	83	1
222	23	87	1
223	24	28	1
224	24	41	1
225	24	52	1
226	24	68	1
227	24	69	1
228	24	76	1
229	24	83	1
230	24	96	1
231	25	38	1
232	25	41	1
233	25	48	1
234	25	92	1
235	25	93	1
236	25	96	1
237	26	41	1
238	26	43	1
239	26	44	1
240	26	55	1
241	26	67	1
242	26	68	1
243	26	87	1
244	26	96	1
245	27	33	1
246	27	61	1
247	27	71	1
248	27	72	1
249	27	74	1
250	27	75	1
251	27	82	1
252	27	91	1
253	27	96	1
254	28	70	1
255	28	77	1
256	28	84	1
257	28	90	1
258	28	92	1
259	28	94	1
260	28	97	1
261	28	99	1
262	29	31	1
263	29	34	1
264	29	35	1
265	29	52	1
266	29	54	1
267	29	75	1
268	29	90	1
269	30	37	1
270	30	42	1
271	30	47	1
272	30	59	1
273	30	69	1
274	30	82	1
275	30	84	1
276	30	91	1
277	30	93	1
278	30	96	1
279	30	97	1
280	31	53	1
281	31	55	1
282	31	56	1
283	31	57	1
284	31	59	1
285	31	64	1
286	31	76	1
287	31	77	1
288	31	83	1
289	31	86	1
290	31	92	1
291	32	48	1
292	32	56	1
293	32	57	1
294	32	86	1
295	33	38	1
296	33	39	1
297	33	42	1
298	33	44	1
299	33	55	1
300	33	56	1
301	33	73	1
302	33	92	1
303	34	38	1
304	34	59	1
305	34	60	1
306	34	69	1
307	35	36	1
308	35	68	1
309	35	72	1
310	36	75	1
311	36	78	1
312	36	83	1
313	37	49	1
314	37	65	1
315	37	71	1
316	37	84	1
317	37	87	1
318	37	93	1
319	37	97	1
320	38	43	1
321	38	45	1
322	38	47	1
323	38	60	1
324	38	63	1
325	38	65	1
326	38	83	1
327	39	65	1
328	39	91	1
329	40	43	1
330	40	50	1
331	40	52	1
332	40	54	1
333	40	66	1
334	40	67	1
335	40	79	1
336	41	48	1
337	41	51	1
338	41	69	1
339	41	76	1
340	41	78	1
341	42	46	1
342	42	56	1
343	42	59	1
344	42	62	1
345	42	80	1
346	42	90	1
347	43	47	1
348	43	50	1
349	43	72	1
350	43	77	1
351	43	86	1
352	43	90	1
353	43	95	1
354	43	97	1
355	44	46	1
356	44	47	1
357	44	48	1
358	44	55	1
359	44	58	1
360	44	60	1
361	44	80	1
362	44	83	1
363	45	55	1
364	45	69	1
365	45	75	1
366	45	80	1
367	45	93	1
368	46	50	1
369	46	52	1
370	46	53	1
371	46	61	1
372	46	64	1
373	46	67	1
374	46	68	1
375	46	76	1
376	46	81	1
377	46	93	1
378	46	99	1
379	47	48	1
380	47	69	1
381	47	75	1
382	47	76	1
383	47	89	1
384	48	55	1
385	48	66	1
386	48	69	1
387	48	96	1
388	49	65	1
389	49	76	1
390	49	81	1
391	50	65	1
392	50	69	1
393	50	95	1
394	51	56	1
395	51	61	1
396	51	63	1
397	51	67	1
398	51	93	1
399	52	57	1
400	52	75	1
401	52	89	1
402	52	99	1
403	53	57	1
404	53	69	1
405	53	75	1
406	53	87	1
407	54	59	1
408	54	64	1
409	54	80	1
410	54	82	1
411	54	86	1
412	55	57	1
413	55	68	1
414	55	69	1
415	55	82	1
416	55	89	1
417	56	57	1
418	56	58	1
419	56	74	1
420	56	82	1
421	56	87	1
422	56	88	1
423	57	59	1
424	57	74	1
425	57	76	1
426	57	80	1
427	57	81	1
428	57	89	1
429	58	59	1
430	58	79	1
431	58	86	1
432	58	91	1
433	59	74	1
434	59	80	1
435	60	63	1
436	60	68	1
437	60	76	1
438	60	85	1
439	60	90	1
440	61	69	1
441	61	74	1
442	61	78	1
443	61	85	1
444	61	96	1
445	62	82	1
446	62	89	1
447	62	98	1
448	63	76	1
449	63	79	1
450	63	83	1
451	63	96	1
452	64	81	1
453	64	86	1
454	64	87	1
455	64	91	1
456	65	66	1
457	65	82	1
458	65	87	1
459	65	97	1
460	66	68	1
461	66	70	1
462	66	86	1
463	66	95	1
464	66	98	1
465	67	68	1
466	67	76	1
467	67	80	1
468	67	99	1
469	68	71	1
470	68	75	1
471	68	94	1
472	68	99	1
473	70	79	1
474	70	84	1
475	70	85	1
476	70	86	1
477	70	96	1
478	71	72	1
479	71	74	1
480	71	77	1
481	71	83	1
482	71	88	1
483	72	78	1
484	72	88	1
485	72	97	1
486	73	91	1
487	74	89	1
488	75	76	1
489	75	87	1
490	75	94	1
491	75	97	1
492	75	98	1
493	76	87	1
494	76	91	1
495	76	92	1
496	77	82	1
497	77	84	1
498	77	90	1
499	77	95	1
500	78	81	1
501	78	85	1
502	78	89	1
503	78	97	1
504	79	82	1
505	79	89	1
506	79	93	1
507	79	96	1
508	79	97	1
509	80	96	1
510	81	89	1
511	82	90	1
512	82	98	1
513	83	93	1
514	84	92	1
515	84	97	1
516	85	88	1
517	85	89	1
518	85	93	1
519	87	96	1
520	87	98	1
521	88	93	1
522	89	90	1
523	90	92	1
524	90	99	1
525	91	93	1
526	92	94	1
527	93	94	1
528	95	99	1
529	97	98	1
530	98	99	1
