Link_index	Source	Destination	Capacity(kbps)
0	0	15	1
1	0	16	1
2	0	32	1
3	0	89	1
4	0	112	1
5	0	146	1
6	0	193	1
7	0	202	1
8	0	219	1
9	1	15	1
10	1	52	1
11	1	53	1
12	1	63	1
13	1	79	1
14	1	87	1
15	1	92	1
16	1	115	1
17	1	146	1
18	1	197	1
19	1	211	1
20	1	215	1
21	2	6	1
22	2	9	1
23	2	36	1
24	2	49	1
25	2	61	1
26	2	98	1
27	2	128	1
28	2	147	1
29	2	158	1
30	2	159	1
31	2	191	1
32	2	204	1
33	3	9	1
34	3	12	1
35	3	14	1
36	3	64	1
37	3	71	1
38	3	79	1
39	3	83	1
40	3	112	1
41	3	118	1
42	3	135	1
43	3	197	1
44	4	11	1
45	4	19	1
46	4	26	1
47	4	58	1
48	4	70	1
49	4	132	1
50	4	133	1
51	4	157	1
52	4	178	1
53	4	179	1
54	4	190	1
55	4	204	1
56	5	9	1
57	5	32	1
58	5	40	1
59	5	42	1
60	5	56	1
61	5	70	1
62	5	120	1
63	5	134	1
64	5	149	1
65	5	165	1
66	5	166	1
67	5	187	1
68	5	202	1
69	6	44	1
70	6	89	1
71	6	96	1
72	6	112	1
73	6	115	1
74	6	156	1
75	6	187	1
76	6	214	1
77	7	16	1
78	7	90	1
79	7	103	1
80	7	157	1
81	7	180	1
82	7	186	1
83	7	206	1
84	8	13	1
85	8	53	1
86	8	125	1
87	8	128	1
88	8	176	1
89	8	204	1
90	8	207	1
91	8	213	1
92	9	22	1
93	9	24	1
94	9	35	1
95	9	46	1
96	9	51	1
97	9	74	1
98	9	108	1
99	9	127	1
100	9	150	1
101	9	152	1
102	9	166	1
103	9	219	1
104	10	19	1
105	10	38	1
106	10	127	1
107	10	149	1
108	10	152	1
109	10	172	1
110	10	182	1
111	10	191	1
112	10	195	1
113	10	201	1
114	11	34	1
115	11	75	1
116	11	101	1
117	11	120	1
118	11	121	1
119	11	123	1
120	11	124	1
121	11	131	1
122	11	136	1
123	11	197	1
124	11	216	1
125	11	218	1
126	12	16	1
127	12	64	1
128	12	91	1
129	12	109	1
130	12	114	1
131	12	132	1
132	12	145	1
133	12	194	1
134	12	218	1
135	13	23	1
136	13	58	1
137	13	77	1
138	13	110	1
139	13	124	1
140	13	125	1
141	13	154	1
142	13	206	1
143	14	41	1
144	14	89	1
145	14	146	1
146	14	151	1
147	14	176	1
148	14	184	1
149	14	185	1
150	14	197	1
151	14	204	1
152	14	207	1
153	15	31	1
154	15	37	1
155	15	71	1
156	15	86	1
157	15	99	1
158	15	118	1
159	15	178	1
160	16	17	1
161	16	89	1
162	16	101	1
163	16	189	1
164	16	211	1
165	16	213	1
166	17	40	1
167	17	55	1
168	17	70	1
169	17	77	1
170	17	86	1
171	17	91	1
172	17	93	1
173	17	109	1
174	17	165	1
175	17	174	1
176	17	207	1
177	18	23	1
178	18	51	1
179	18	63	1
180	18	91	1
181	18	98	1
182	18	120	1
183	19	38	1
184	19	51	1
185	19	83	1
186	19	92	1
187	19	101	1
188	19	113	1
189	19	186	1
190	19	188	1
191	19	197	1
192	20	22	1
193	20	43	1
194	20	46	1
195	20	54	1
196	20	58	1
197	20	66	1
198	20	100	1
199	20	125	1
200	20	158	1
201	20	183	1
202	21	54	1
203	21	87	1
204	21	119	1
205	21	123	1
206	21	145	1
207	21	156	1
208	21	162	1
209	22	26	1
210	22	91	1
211	22	94	1
212	22	104	1
213	22	131	1
214	22	139	1
215	22	141	1
216	22	163	1
217	22	185	1
218	22	194	1
219	22	217	1
220	23	47	1
221	23	60	1
222	23	109	1
223	23	112	1
224	23	120	1
225	23	172	1
226	23	208	1
227	24	35	1
228	24	39	1
229	24	56	1
230	24	77	1
231	24	88	1
232	24	96	1
233	24	108	1
234	24	114	1
235	24	146	1
236	24	153	1
237	24	168	1
238	24	177	1
239	24	179	1
240	24	192	1
241	24	210	1
242	25	38	1
243	25	52	1
244	25	67	1
245	25	81	1
246	25	92	1
247	25	123	1
248	25	124	1
249	25	127	1
250	25	131	1
251	25	138	1
252	25	146	1
253	25	147	1
254	25	159	1
255	25	178	1
256	25	198	1
257	26	62	1
258	26	72	1
259	26	93	1
260	26	97	1
261	26	99	1
262	26	106	1
263	26	142	1
264	26	157	1
265	26	165	1
266	27	39	1
267	27	112	1
268	27	121	1
269	27	131	1
270	27	139	1
271	27	148	1
272	27	158	1
273	28	35	1
274	28	48	1
275	28	79	1
276	28	106	1
277	28	109	1
278	28	129	1
279	28	138	1
280	28	139	1
281	28	151	1
282	28	167	1
283	28	199	1
284	28	205	1
285	29	63	1
286	29	88	1
287	29	107	1
288	29	136	1
289	29	152	1
290	29	154	1
291	29	185	1
292	29	187	1
293	29	188	1
294	29	192	1
295	29	197	1
296	30	34	1
297	30	44	1
298	30	76	1
299	30	86	1
300	30	98	1
301	30	106	1
302	30	120	1
303	30	124	1
304	30	129	1
305	30	133	1
306	30	149	1
307	30	162	1
308	30	191	1
309	31	47	1
310	31	50	1
311	31	72	1
312	31	93	1
313	31	95	1
314	31	112	1
315	31	136	1
316	31	151	1
317	31	161	1
318	31	183	1
319	31	191	1
320	31	193	1
321	31	211	1
322	32	38	1
323	32	61	1
324	32	118	1
325	32	120	1
326	32	157	1
327	32	168	1
328	33	38	1
329	33	62	1
330	33	86	1
331	33	92	1
332	33	108	1
333	33	113	1
334	33	114	1
335	33	130	1
336	33	142	1
337	33	151	1
338	33	152	1
339	33	180	1
340	33	186	1
341	33	191	1
342	33	204	1
343	34	87	1
344	34	93	1
345	34	110	1
346	34	149	1
347	34	155	1
348	34	193	1
349	34	214	1
350	35	71	1
351	35	105	1
352	35	112	1
353	35	130	1
354	35	146	1
355	35	160	1
356	35	165	1
357	35	183	1
358	36	65	1
359	36	81	1
360	36	86	1
361	36	97	1
362	36	102	1
363	36	146	1
364	36	156	1
365	36	177	1
366	36	184	1
367	36	187	1
368	36	201	1
369	36	219	1
370	37	43	1
371	37	78	1
372	37	82	1
373	37	86	1
374	37	91	1
375	37	98	1
376	37	136	1
377	37	181	1
378	37	210	1
379	38	43	1
380	38	53	1
381	38	61	1
382	38	91	1
383	38	102	1
384	38	111	1
385	38	135	1
386	38	166	1
387	38	167	1
388	38	211	1
389	38	215	1
390	39	88	1
391	39	98	1
392	39	126	1
393	39	131	1
394	39	147	1
395	39	219	1
396	40	47	1
397	40	50	1
398	40	67	1
399	40	81	1
400	40	92	1
401	40	128	1
402	40	155	1
403	40	208	1
404	41	85	1
405	41	94	1
406	41	132	1
407	41	137	1
408	41	161	1
409	41	164	1
410	41	171	1
411	41	189	1
412	41	192	1
413	41	194	1
414	41	197	1
415	41	201	1
416	41	211	1
417	42	47	1
418	42	70	1
419	42	101	1
420	42	111	1
421	42	117	1
422	42	149	1
423	42	150	1
424	42	161	1
425	42	182	1
426	42	196	1
427	42	197	1
428	42	210	1
429	42	211	1
430	42	217	1
431	43	50	1
432	43	67	1
433	43	70	1
434	43	83	1
435	43	118	1
436	43	172	1
437	43	179	1
438	44	66	1
439	44	99	1
440	44	162	1
441	44	210	1
442	45	57	1
443	45	96	1
444	45	133	1
445	45	138	1
446	45	178	1
447	45	181	1
448	46	96	1
449	46	100	1
450	46	144	1
451	46	212	1
452	47	88	1
453	47	125	1
454	47	126	1
455	47	133	1
456	47	195	1
457	48	49	1
458	48	87	1
459	48	111	1
460	48	147	1
461	48	166	1
462	49	67	1
463	49	70	1
464	49	132	1
465	49	161	1
466	49	162	1
467	49	176	1
468	49	185	1
469	49	192	1
470	49	210	1
471	50	87	1
472	50	108	1
473	50	110	1
474	50	136	1
475	50	152	1
476	50	160	1
477	50	198	1
478	50	213	1
479	50	215	1
480	51	106	1
481	51	110	1
482	51	118	1
483	51	126	1
484	51	166	1
485	51	176	1
486	51	209	1
487	51	217	1
488	52	115	1
489	52	143	1
490	52	146	1
491	52	152	1
492	52	172	1
493	52	199	1
494	52	204	1
495	52	214	1
496	53	72	1
497	53	80	1
498	53	119	1
499	53	121	1
500	53	166	1
501	53	182	1
502	53	195	1
503	53	200	1
504	53	206	1
505	53	208	1
506	53	217	1
507	54	70	1
508	54	81	1
509	54	115	1
510	54	170	1
511	54	178	1
512	54	192	1
513	55	93	1
514	55	132	1
515	55	134	1
516	55	135	1
517	55	166	1
518	55	171	1
519	55	178	1
520	55	184	1
521	55	185	1
522	55	190	1
523	55	216	1
524	55	219	1
525	56	61	1
526	56	67	1
527	56	83	1
528	56	117	1
529	56	120	1
530	56	127	1
531	56	142	1
532	56	152	1
533	56	172	1
534	56	183	1
535	57	87	1
536	57	99	1
537	57	127	1
538	57	128	1
539	57	142	1
540	57	145	1
541	57	184	1
542	57	194	1
543	57	199	1
544	58	64	1
545	58	72	1
546	58	78	1
547	58	90	1
548	58	121	1
549	58	122	1
550	58	134	1
551	58	143	1
552	58	151	1
553	58	155	1
554	58	167	1
555	58	187	1
556	58	193	1
557	58	216	1
558	59	76	1
559	59	129	1
560	59	142	1
561	59	159	1
562	59	189	1
563	59	195	1
564	59	196	1
565	59	206	1
566	60	90	1
567	60	95	1
568	60	106	1
569	60	127	1
570	60	131	1
571	60	144	1
572	60	169	1
573	60	171	1
574	60	172	1
575	60	180	1
576	60	203	1
577	60	212	1
578	60	218	1
579	61	67	1
580	61	85	1
581	61	112	1
582	61	151	1
583	61	152	1
584	61	163	1
585	61	192	1
586	61	199	1
587	61	207	1
588	61	209	1
589	61	211	1
590	61	212	1
591	61	218	1
592	62	90	1
593	62	95	1
594	62	109	1
595	62	148	1
596	62	204	1
597	62	209	1
598	63	90	1
599	63	103	1
600	63	129	1
601	63	132	1
602	63	164	1
603	63	171	1
604	63	176	1
605	63	206	1
606	64	113	1
607	64	164	1
608	64	193	1
609	65	76	1
610	65	85	1
611	65	95	1
612	65	98	1
613	65	125	1
614	65	126	1
615	65	135	1
616	65	143	1
617	65	160	1
618	65	180	1
619	65	190	1
620	65	191	1
621	65	192	1
622	65	205	1
623	65	208	1
624	65	215	1
625	66	82	1
626	66	86	1
627	66	149	1
628	66	159	1
629	66	171	1
630	66	214	1
631	67	68	1
632	67	90	1
633	67	106	1
634	67	119	1
635	67	125	1
636	67	128	1
637	67	133	1
638	67	144	1
639	67	169	1
640	67	186	1
641	67	215	1
642	68	83	1
643	68	93	1
644	68	110	1
645	68	137	1
646	68	140	1
647	68	146	1
648	68	180	1
649	69	74	1
650	69	96	1
651	69	101	1
652	69	104	1
653	70	95	1
654	70	115	1
655	70	126	1
656	70	197	1
657	70	218	1
658	71	74	1
659	71	81	1
660	71	95	1
661	71	202	1
662	71	209	1
663	72	80	1
664	72	92	1
665	72	97	1
666	72	103	1
667	72	130	1
668	72	139	1
669	72	157	1
670	72	165	1
671	72	170	1
672	73	74	1
673	73	79	1
674	73	86	1
675	73	167	1
676	73	183	1
677	73	188	1
678	73	201	1
679	74	91	1
680	74	94	1
681	74	97	1
682	74	98	1
683	74	119	1
684	74	214	1
685	75	92	1
686	75	122	1
687	75	153	1
688	75	157	1
689	75	180	1
690	76	115	1
691	76	121	1
692	76	166	1
693	76	178	1
694	76	187	1
695	76	190	1
696	76	207	1
697	77	80	1
698	77	124	1
699	77	140	1
700	77	157	1
701	77	162	1
702	77	189	1
703	78	92	1
704	78	97	1
705	78	114	1
706	78	116	1
707	78	120	1
708	78	128	1
709	78	215	1
710	79	86	1
711	79	90	1
712	79	97	1
713	79	103	1
714	79	116	1
715	79	132	1
716	79	138	1
717	79	150	1
718	79	168	1
719	79	171	1
720	79	213	1
721	79	216	1
722	80	108	1
723	80	117	1
724	80	119	1
725	80	136	1
726	80	178	1
727	80	186	1
728	81	89	1
729	81	91	1
730	81	96	1
731	81	104	1
732	81	106	1
733	81	107	1
734	81	133	1
735	81	137	1
736	81	161	1
737	81	179	1
738	81	185	1
739	81	206	1
740	82	93	1
741	82	156	1
742	82	162	1
743	82	179	1
744	82	194	1
745	82	199	1
746	82	211	1
747	83	102	1
748	83	208	1
749	84	133	1
750	84	160	1
751	84	171	1
752	84	195	1
753	84	202	1
754	85	87	1
755	85	96	1
756	85	133	1
757	85	170	1
758	85	181	1
759	85	183	1
760	85	217	1
761	86	98	1
762	86	99	1
763	86	106	1
764	86	144	1
765	86	146	1
766	86	216	1
767	86	218	1
768	87	102	1
769	87	110	1
770	87	126	1
771	87	127	1
772	87	130	1
773	87	163	1
774	87	171	1
775	87	191	1
776	87	211	1
777	88	89	1
778	88	90	1
779	88	95	1
780	88	109	1
781	88	110	1
782	88	138	1
783	88	143	1
784	88	148	1
785	88	178	1
786	88	192	1
787	89	139	1
788	89	148	1
789	89	159	1
790	89	194	1
791	89	212	1
792	90	93	1
793	90	96	1
794	90	100	1
795	90	113	1
796	90	115	1
797	90	119	1
798	90	130	1
799	90	154	1
800	90	181	1
801	90	198	1
802	90	201	1
803	90	204	1
804	90	210	1
805	90	214	1
806	91	99	1
807	91	109	1
808	91	125	1
809	91	131	1
810	91	178	1
811	91	195	1
812	91	196	1
813	92	95	1
814	92	109	1
815	92	122	1
816	92	139	1
817	92	141	1
818	92	159	1
819	92	161	1
820	92	166	1
821	92	194	1
822	93	131	1
823	93	135	1
824	93	176	1
825	93	178	1
826	94	136	1
827	94	159	1
828	94	178	1
829	94	181	1
830	94	190	1
831	94	202	1
832	94	203	1
833	94	204	1
834	95	128	1
835	95	132	1
836	95	140	1
837	95	181	1
838	95	208	1
839	96	110	1
840	96	142	1
841	96	143	1
842	96	171	1
843	96	185	1
844	96	207	1
845	97	118	1
846	97	120	1
847	97	153	1
848	97	160	1
849	98	132	1
850	98	148	1
851	98	159	1
852	98	193	1
853	98	203	1
854	98	210	1
855	99	103	1
856	99	124	1
857	99	128	1
858	99	162	1
859	99	183	1
860	99	199	1
861	99	207	1
862	99	214	1
863	99	216	1
864	100	166	1
865	100	203	1
866	100	215	1
867	101	149	1
868	101	158	1
869	101	160	1
870	101	182	1
871	101	195	1
872	101	200	1
873	101	204	1
874	101	213	1
875	102	105	1
876	102	163	1
877	102	175	1
878	102	188	1
879	102	219	1
880	103	162	1
881	103	165	1
882	103	171	1
883	103	194	1
884	104	114	1
885	104	116	1
886	104	145	1
887	104	215	1
888	105	117	1
889	105	121	1
890	105	155	1
891	105	189	1
892	105	191	1
893	105	199	1
894	105	207	1
895	105	216	1
896	106	132	1
897	106	175	1
898	106	176	1
899	106	180	1
900	106	190	1
901	106	204	1
902	106	205	1
903	107	125	1
904	107	148	1
905	107	172	1
906	107	188	1
907	108	118	1
908	108	134	1
909	108	172	1
910	108	173	1
911	108	185	1
912	109	118	1
913	109	122	1
914	109	148	1
915	109	156	1
916	109	168	1
917	109	175	1
918	109	184	1
919	109	189	1
920	109	219	1
921	110	121	1
922	110	135	1
923	110	146	1
924	110	148	1
925	110	182	1
926	110	205	1
927	111	130	1
928	111	133	1
929	111	152	1
930	111	198	1
931	111	200	1
932	111	209	1
933	112	113	1
934	112	133	1
935	112	167	1
936	112	170	1
937	112	176	1
938	112	191	1
939	113	126	1
940	113	146	1
941	114	117	1
942	114	122	1
943	114	141	1
944	114	153	1
945	114	160	1
946	114	177	1
947	114	188	1
948	115	118	1
949	115	158	1
950	115	206	1
951	116	117	1
952	116	122	1
953	116	158	1
954	116	192	1
955	116	213	1
956	117	118	1
957	117	159	1
958	117	176	1
959	117	204	1
960	118	177	1
961	118	195	1
962	118	205	1
963	118	206	1
964	118	210	1
965	118	211	1
966	119	123	1
967	119	166	1
968	119	179	1
969	120	150	1
970	120	184	1
971	120	186	1
972	120	192	1
973	120	205	1
974	121	129	1
975	121	152	1
976	121	153	1
977	121	162	1
978	121	173	1
979	121	185	1
980	121	188	1
981	121	198	1
982	121	216	1
983	122	203	1
984	123	131	1
985	123	162	1
986	123	193	1
987	123	207	1
988	124	128	1
989	124	150	1
990	125	129	1
991	125	139	1
992	125	149	1
993	125	160	1
994	125	179	1
995	125	187	1
996	125	192	1
997	125	201	1
998	126	182	1
999	126	197	1
1000	126	208	1
1001	126	212	1
1002	127	133	1
1003	127	147	1
1004	127	163	1
1005	127	191	1
1006	127	212	1
1007	128	149	1
1008	128	155	1
1009	129	146	1
1010	129	190	1
1011	129	194	1
1012	129	196	1
1013	129	205	1
1014	129	210	1
1015	130	137	1
1016	130	142	1
1017	130	148	1
1018	130	160	1
1019	130	170	1
1020	130	205	1
1021	131	138	1
1022	131	215	1
1023	133	137	1
1024	133	149	1
1025	133	153	1
1026	133	209	1
1027	134	141	1
1028	134	182	1
1029	135	139	1
1030	135	142	1
1031	135	160	1
1032	135	172	1
1033	135	216	1
1034	136	145	1
1035	136	168	1
1036	136	179	1
1037	136	200	1
1038	136	205	1
1039	137	156	1
1040	138	141	1
1041	138	164	1
1042	138	165	1
1043	138	184	1
1044	138	185	1
1045	138	186	1
1046	139	194	1
1047	140	154	1
1048	140	156	1
1049	140	157	1
1050	140	158	1
1051	140	178	1
1052	140	182	1
1053	140	200	1
1054	140	218	1
1055	141	150	1
1056	141	169	1
1057	141	172	1
1058	141	207	1
1059	142	143	1
1060	142	147	1
1061	142	178	1
1062	142	196	1
1063	143	152	1
1064	143	172	1
1065	143	192	1
1066	143	215	1
1067	144	159	1
1068	144	203	1
1069	144	219	1
1070	145	149	1
1071	145	167	1
1072	145	176	1
1073	145	199	1
1074	145	208	1
1075	146	155	1
1076	146	166	1
1077	147	155	1
1078	147	158	1
1079	147	162	1
1080	147	172	1
1081	147	175	1
1082	147	193	1
1083	148	152	1
1084	148	179	1
1085	148	209	1
1086	148	213	1
1087	149	151	1
1088	149	170	1
1089	149	177	1
1090	149	178	1
1091	149	189	1
1092	150	173	1
1093	150	177	1
1094	150	203	1
1095	150	206	1
1096	150	217	1
1097	151	161	1
1098	151	165	1
1099	151	168	1
1100	151	170	1
1101	151	202	1
1102	153	155	1
1103	153	163	1
1104	153	169	1
1105	153	219	1
1106	154	186	1
1107	154	191	1
1108	154	205	1
1109	155	203	1
1110	155	218	1
1111	155	219	1
1112	158	165	1
1113	158	166	1
1114	158	173	1
1115	158	196	1
1116	158	214	1
1117	159	163	1
1118	159	182	1
1119	159	193	1
1120	159	213	1
1121	159	215	1
1122	160	161	1
1123	160	178	1
1124	160	217	1
1125	161	175	1
1126	161	210	1
1127	162	163	1
1128	162	177	1
1129	162	195	1
1130	162	207	1
1131	163	194	1
1132	163	201	1
1133	163	208	1
1134	164	180	1
1135	164	201	1
1136	165	167	1
1137	165	179	1
1138	165	182	1
1139	165	210	1
1140	166	168	1
1141	166	174	1
1142	166	190	1
1143	166	216	1
1144	168	173	1
1145	168	207	1
1146	169	181	1
1147	169	205	1
1148	170	218	1
1149	171	205	1
1150	172	189	1
1151	173	176	1
1152	174	176	1
1153	174	177	1
1154	174	193	1
1155	175	202	1
1156	175	205	1
1157	175	214	1
1158	175	215	1
1159	176	183	1
1160	176	194	1
1161	177	179	1
1162	177	182	1
1163	177	212	1
1164	178	192	1
1165	178	204	1
1166	178	213	1
1167	179	194	1
1168	179	202	1
1169	180	186	1
1170	180	193	1
1171	180	217	1
1172	182	190	1
1173	182	210	1
1174	183	189	1
1175	183	195	1
1176	184	206	1
1177	185	204	1
1178	185	205	1
1179	185	211	1
1180	186	188	1
1181	186	196	1
1182	187	197	1
1183	187	218	1
1184	189	199	1
1185	189	209	1
1186	189	212	1
1187	190	193	1
1188	190	203	1
1189	191	206	1
1190	195	207	1
1191	195	219	1
1192	197	206	1
1193	199	211	1
1194	200	212	1
1195	201	208	1
1196	201	209	1
1197	201	210	1
1198	208	217	1
1199	208	219	1
1200	209	213	1
1201	215	217	1
