Link_index	Source	Destination	Capacity(kbps)
0	0	2	1
1	0	47	1
2	0	126	1
3	1	2	1
4	1	3	1
5	1	25	1
6	1	26	1
7	1	35	1
8	1	53	1
9	1	54	1
10	1	104	1
11	1	113	1
12	1	174	1
13	2	3	1
14	2	4	1
15	2	8	1
16	2	11	1
17	2	12	1
18	2	13	1
19	2	20	1
20	2	33	1
21	2	61	1
22	2	62	1
23	2	74	1
24	2	91	1
25	2	93	1
26	2	101	1
27	2	118	1
28	2	142	1
29	2	158	1
30	2	164	1
31	3	4	1
32	3	5	1
33	3	6	1
34	3	7	1
35	3	9	1
36	3	10	1
37	3	13	1
38	3	15	1
39	3	18	1
40	3	24	1
41	3	27	1
42	3	29	1
43	3	30	1
44	3	31	1
45	3	34	1
46	3	43	1
47	3	47	1
48	3	48	1
49	3	49	1
50	3	51	1
51	3	60	1
52	3	62	1
53	3	65	1
54	3	76	1
55	3	79	1
56	3	84	1
57	3	92	1
58	3	95	1
59	3	96	1
60	3	108	1
61	3	110	1
62	3	114	1
63	3	121	1
64	3	123	1
65	3	132	1
66	3	135	1
67	3	138	1
68	3	139	1
69	3	143	1
70	3	156	1
71	3	162	1
72	3	170	1
73	4	5	1
74	4	6	1
75	4	8	1
76	4	9	1
77	4	10	1
78	4	15	1
79	4	16	1
80	4	21	1
81	4	22	1
82	4	23	1
83	4	28	1
84	4	40	1
85	4	41	1
86	4	50	1
87	4	58	1
88	4	64	1
89	4	66	1
90	4	69	1
91	4	73	1
92	4	79	1
93	4	85	1
94	4	89	1
95	4	118	1
96	4	120	1
97	4	139	1
98	4	151	1
99	4	154	1
100	4	158	1
101	4	168	1
102	5	27	1
103	5	28	1
104	5	29	1
105	5	35	1
106	5	36	1
107	5	44	1
108	5	49	1
109	5	74	1
110	5	80	1
111	5	88	1
112	5	94	1
113	5	140	1
114	5	171	1
115	6	7	1
116	6	11	1
117	6	12	1
118	6	17	1
119	6	23	1
120	6	25	1
121	6	42	1
122	6	50	1
123	6	57	1
124	6	115	1
125	6	131	1
126	6	159	1
127	7	14	1
128	7	32	1
129	7	59	1
130	7	63	1
131	7	66	1
132	7	73	1
133	7	75	1
134	7	100	1
135	7	113	1
136	8	45	1
137	8	85	1
138	9	21	1
139	9	59	1
140	9	68	1
141	10	86	1
142	10	91	1
143	10	105	1
144	10	111	1
145	10	124	1
146	10	173	1
147	11	16	1
148	11	51	1
149	11	55	1
150	11	63	1
151	11	67	1
152	11	97	1
153	11	142	1
154	11	173	1
155	11	178	1
156	12	14	1
157	12	18	1
158	12	19	1
159	12	20	1
160	12	26	1
161	12	37	1
162	12	46	1
163	12	52	1
164	12	60	1
165	12	65	1
166	12	88	1
167	12	90	1
168	12	98	1
169	12	124	1
170	12	126	1
171	12	128	1
172	12	147	1
173	13	19	1
174	13	53	1
175	13	87	1
176	14	17	1
177	14	43	1
178	14	54	1
179	14	149	1
180	14	156	1
181	14	161	1
182	15	30	1
183	15	31	1
184	15	33	1
185	15	48	1
186	15	57	1
187	15	67	1
188	15	70	1
189	15	81	1
190	15	83	1
191	15	99	1
192	15	123	1
193	15	137	1
194	15	148	1
195	15	149	1
196	15	172	1
197	17	22	1
198	17	76	1
199	17	78	1
200	17	110	1
201	18	104	1
202	19	24	1
203	19	37	1
204	19	90	1
205	19	112	1
206	19	125	1
207	19	140	1
208	19	177	1
209	20	157	1
210	20	175	1
211	21	41	1
212	21	44	1
213	21	70	1
214	21	81	1
215	21	129	1
216	21	138	1
217	21	150	1
218	22	32	1
219	22	40	1
220	22	42	1
221	22	52	1
222	22	144	1
223	22	151	1
224	24	75	1
225	24	84	1
226	25	77	1
227	25	174	1
228	26	36	1
229	26	38	1
230	26	64	1
231	26	71	1
232	26	108	1
233	27	116	1
234	27	147	1
235	28	45	1
236	28	100	1
237	28	167	1
238	29	69	1
239	29	96	1
240	29	136	1
241	29	150	1
242	31	46	1
243	31	166	1
244	32	34	1
245	32	105	1
246	32	128	1
247	32	132	1
248	32	143	1
249	32	153	1
250	33	38	1
251	33	39	1
252	33	177	1
253	35	72	1
254	35	152	1
255	37	111	1
256	37	129	1
257	38	39	1
258	38	55	1
259	38	80	1
260	38	122	1
261	38	127	1
262	38	175	1
263	39	116	1
264	39	154	1
265	39	167	1
266	41	127	1
267	42	56	1
268	42	114	1
269	43	106	1
270	44	61	1
271	44	106	1
272	46	72	1
273	46	101	1
274	46	176	1
275	46	178	1
276	47	58	1
277	47	68	1
278	47	92	1
279	47	95	1
280	47	97	1
281	47	135	1
282	51	86	1
283	52	130	1
284	54	99	1
285	55	56	1
286	55	83	1
287	56	109	1
288	56	119	1
289	59	179	1
290	60	103	1
291	61	98	1
292	62	115	1
293	62	122	1
294	63	153	1
295	64	82	1
296	67	89	1
297	67	117	1
298	67	148	1
299	67	172	1
300	68	77	1
301	69	71	1
302	71	102	1
303	71	146	1
304	73	130	1
305	73	134	1
306	74	78	1
307	74	146	1
308	75	82	1
309	75	133	1
310	75	168	1
311	79	165	1
312	80	157	1
313	81	121	1
314	83	93	1
315	83	160	1
316	83	169	1
317	84	94	1
318	84	120	1
319	86	87	1
320	87	103	1
321	88	152	1
322	89	107	1
323	91	117	1
324	91	145	1
325	92	137	1
326	94	107	1
327	94	112	1
328	94	169	1
329	98	109	1
330	98	131	1
331	99	102	1
332	101	170	1
333	103	133	1
334	107	155	1
335	110	119	1
336	110	141	1
337	110	145	1
338	111	155	1
339	112	163	1
340	113	166	1
341	115	162	1
342	115	165	1
343	116	141	1
344	117	125	1
345	117	144	1
346	117	179	1
347	119	159	1
348	120	136	1
349	120	160	1
350	125	134	1
351	144	164	1
352	145	171	1
353	151	161	1
354	153	176	1
355	160	163	1
