Link_index	Source	Destination	Capacity(kbps)
0	0	8	1
1	0	23	1
2	0	37	1
3	0	49	1
4	0	52	1
5	0	72	1
6	0	77	1
7	0	78	1
8	0	83	1
9	0	86	1
10	0	92	1
11	0	93	1
12	0	106	1
13	0	120	1
14	0	121	1
15	0	132	1
16	0	136	1
17	0	145	1
18	0	147	1
19	0	168	1
20	0	175	1
21	0	189	1
22	0	191	1
23	0	197	1
24	0	209	1
25	1	5	1
26	1	22	1
27	1	26	1
28	1	48	1
29	1	53	1
30	1	55	1
31	1	64	1
32	1	74	1
33	1	95	1
34	1	99	1
35	1	103	1
36	1	113	1
37	1	207	1
38	2	16	1
39	2	25	1
40	2	29	1
41	2	38	1
42	2	40	1
43	2	65	1
44	2	77	1
45	2	82	1
46	2	90	1
47	2	108	1
48	2	118	1
49	2	126	1
50	2	129	1
51	2	146	1
52	2	163	1
53	2	184	1
54	2	211	1
55	3	24	1
56	3	76	1
57	3	85	1
58	3	95	1
59	3	99	1
60	3	111	1
61	3	127	1
62	3	140	1
63	3	141	1
64	3	189	1
65	3	196	1
66	3	200	1
67	3	202	1
68	3	215	1
69	3	218	1
70	4	6	1
71	4	7	1
72	4	17	1
73	4	34	1
74	4	43	1
75	4	47	1
76	4	49	1
77	4	60	1
78	4	69	1
79	4	77	1
80	4	93	1
81	4	96	1
82	4	99	1
83	4	127	1
84	4	143	1
85	4	146	1
86	4	154	1
87	4	155	1
88	4	162	1
89	4	175	1
90	4	182	1
91	4	193	1
92	4	213	1
93	4	218	1
94	5	7	1
95	5	9	1
96	5	31	1
97	5	69	1
98	5	73	1
99	5	74	1
100	5	98	1
101	5	101	1
102	5	102	1
103	5	113	1
104	5	116	1
105	5	129	1
106	5	135	1
107	5	145	1
108	5	149	1
109	5	155	1
110	5	184	1
111	5	195	1
112	5	205	1
113	6	7	1
114	6	33	1
115	6	40	1
116	6	41	1
117	6	50	1
118	6	53	1
119	6	58	1
120	6	80	1
121	6	89	1
122	6	98	1
123	6	101	1
124	6	103	1
125	6	106	1
126	6	131	1
127	6	143	1
128	6	145	1
129	6	176	1
130	6	194	1
131	6	195	1
132	6	215	1
133	7	29	1
134	7	34	1
135	7	42	1
136	7	47	1
137	7	60	1
138	7	72	1
139	7	76	1
140	7	82	1
141	7	84	1
142	7	85	1
143	7	91	1
144	7	92	1
145	7	94	1
146	7	95	1
147	7	111	1
148	7	117	1
149	7	119	1
150	7	125	1
151	7	133	1
152	7	145	1
153	7	153	1
154	7	160	1
155	7	172	1
156	7	187	1
157	7	199	1
158	7	216	1
159	8	25	1
160	8	26	1
161	8	35	1
162	8	36	1
163	8	39	1
164	8	88	1
165	8	90	1
166	8	93	1
167	8	106	1
168	8	111	1
169	8	121	1
170	8	133	1
171	8	142	1
172	8	144	1
173	8	155	1
174	8	164	1
175	8	182	1
176	9	11	1
177	9	25	1
178	9	26	1
179	9	44	1
180	9	46	1
181	9	63	1
182	9	94	1
183	9	108	1
184	9	159	1
185	9	174	1
186	9	177	1
187	9	190	1
188	9	198	1
189	9	208	1
190	9	209	1
191	10	15	1
192	10	21	1
193	10	34	1
194	10	46	1
195	10	50	1
196	10	55	1
197	10	83	1
198	10	88	1
199	10	94	1
200	10	108	1
201	10	119	1
202	10	121	1
203	10	129	1
204	10	136	1
205	10	141	1
206	10	151	1
207	10	159	1
208	10	160	1
209	10	168	1
210	10	170	1
211	10	174	1
212	10	187	1
213	10	188	1
214	10	193	1
215	10	202	1
216	10	203	1
217	10	205	1
218	11	18	1
219	11	26	1
220	11	33	1
221	11	38	1
222	11	39	1
223	11	45	1
224	11	59	1
225	11	60	1
226	11	63	1
227	11	66	1
228	11	89	1
229	11	91	1
230	11	97	1
231	11	106	1
232	11	118	1
233	11	139	1
234	11	151	1
235	11	160	1
236	11	161	1
237	11	187	1
238	11	202	1
239	12	18	1
240	12	30	1
241	12	36	1
242	12	57	1
243	12	68	1
244	12	72	1
245	12	75	1
246	12	82	1
247	12	88	1
248	12	93	1
249	12	104	1
250	12	106	1
251	12	111	1
252	12	132	1
253	12	134	1
254	12	140	1
255	12	152	1
256	12	159	1
257	12	162	1
258	12	172	1
259	12	179	1
260	12	205	1
261	12	209	1
262	12	213	1
263	13	53	1
264	13	54	1
265	13	59	1
266	13	63	1
267	13	94	1
268	13	100	1
269	13	105	1
270	13	117	1
271	13	154	1
272	13	155	1
273	13	159	1
274	13	162	1
275	13	166	1
276	13	170	1
277	13	173	1
278	13	182	1
279	13	187	1
280	13	197	1
281	13	215	1
282	14	24	1
283	14	27	1
284	14	29	1
285	14	31	1
286	14	107	1
287	14	111	1
288	14	116	1
289	14	127	1
290	14	133	1
291	14	136	1
292	14	161	1
293	14	162	1
294	14	164	1
295	14	186	1
296	14	206	1
297	14	216	1
298	15	16	1
299	15	20	1
300	15	21	1
301	15	39	1
302	15	48	1
303	15	58	1
304	15	62	1
305	15	88	1
306	15	94	1
307	15	103	1
308	15	153	1
309	15	167	1
310	15	168	1
311	15	189	1
312	15	196	1
313	15	201	1
314	15	209	1
315	16	23	1
316	16	28	1
317	16	30	1
318	16	49	1
319	16	60	1
320	16	61	1
321	16	64	1
322	16	65	1
323	16	66	1
324	16	76	1
325	16	105	1
326	16	110	1
327	16	121	1
328	16	127	1
329	16	133	1
330	16	138	1
331	16	149	1
332	16	159	1
333	16	163	1
334	16	168	1
335	16	189	1
336	16	203	1
337	16	213	1
338	16	216	1
339	16	218	1
340	17	22	1
341	17	33	1
342	17	52	1
343	17	59	1
344	17	63	1
345	17	82	1
346	17	95	1
347	17	141	1
348	17	157	1
349	17	158	1
350	17	164	1
351	17	172	1
352	17	177	1
353	17	178	1
354	17	183	1
355	17	187	1
356	17	213	1
357	17	215	1
358	17	219	1
359	18	19	1
360	18	40	1
361	18	55	1
362	18	75	1
363	18	82	1
364	18	92	1
365	18	96	1
366	18	106	1
367	18	112	1
368	18	115	1
369	18	117	1
370	18	121	1
371	18	158	1
372	18	164	1
373	18	167	1
374	18	170	1
375	18	172	1
376	18	174	1
377	18	188	1
378	18	190	1
379	18	201	1
380	19	25	1
381	19	37	1
382	19	44	1
383	19	73	1
384	19	81	1
385	19	89	1
386	19	93	1
387	19	124	1
388	19	130	1
389	19	144	1
390	19	152	1
391	19	162	1
392	19	170	1
393	19	173	1
394	19	182	1
395	19	190	1
396	19	205	1
397	19	212	1
398	20	24	1
399	20	25	1
400	20	32	1
401	20	43	1
402	20	46	1
403	20	50	1
404	20	70	1
405	20	83	1
406	20	90	1
407	20	102	1
408	20	111	1
409	20	152	1
410	20	163	1
411	20	177	1
412	20	181	1
413	20	218	1
414	21	27	1
415	21	51	1
416	21	54	1
417	21	64	1
418	21	77	1
419	21	96	1
420	21	108	1
421	21	120	1
422	21	137	1
423	21	144	1
424	21	146	1
425	21	174	1
426	21	184	1
427	21	201	1
428	21	212	1
429	21	219	1
430	22	37	1
431	22	38	1
432	22	40	1
433	22	52	1
434	22	62	1
435	22	67	1
436	22	77	1
437	22	84	1
438	22	89	1
439	22	120	1
440	22	130	1
441	22	145	1
442	22	153	1
443	22	160	1
444	22	162	1
445	22	170	1
446	22	183	1
447	22	201	1
448	22	202	1
449	22	204	1
450	23	29	1
451	23	37	1
452	23	38	1
453	23	51	1
454	23	68	1
455	23	78	1
456	23	84	1
457	23	110	1
458	23	112	1
459	23	122	1
460	23	123	1
461	23	173	1
462	23	178	1
463	23	186	1
464	23	189	1
465	23	203	1
466	24	27	1
467	24	31	1
468	24	35	1
469	24	40	1
470	24	42	1
471	24	53	1
472	24	66	1
473	24	67	1
474	24	100	1
475	24	116	1
476	24	119	1
477	24	128	1
478	24	139	1
479	24	156	1
480	24	163	1
481	24	171	1
482	24	176	1
483	24	178	1
484	24	182	1
485	24	201	1
486	24	202	1
487	25	30	1
488	25	31	1
489	25	34	1
490	25	42	1
491	25	64	1
492	25	73	1
493	25	92	1
494	25	106	1
495	25	133	1
496	25	137	1
497	25	151	1
498	25	160	1
499	25	161	1
500	25	170	1
501	25	175	1
502	25	187	1
503	25	192	1
504	25	214	1
505	25	218	1
506	26	34	1
507	26	35	1
508	26	40	1
509	26	41	1
510	26	44	1
511	26	52	1
512	26	71	1
513	26	72	1
514	26	76	1
515	26	116	1
516	26	119	1
517	26	120	1
518	26	121	1
519	26	128	1
520	26	131	1
521	26	143	1
522	26	156	1
523	26	175	1
524	26	210	1
525	27	28	1
526	27	31	1
527	27	40	1
528	27	50	1
529	27	69	1
530	27	70	1
531	27	74	1
532	27	83	1
533	27	100	1
534	27	109	1
535	27	115	1
536	27	123	1
537	27	125	1
538	27	134	1
539	27	137	1
540	27	139	1
541	27	145	1
542	27	169	1
543	27	173	1
544	27	182	1
545	27	186	1
546	27	196	1
547	27	207	1
548	27	213	1
549	28	55	1
550	28	57	1
551	28	70	1
552	28	76	1
553	28	80	1
554	28	107	1
555	28	114	1
556	28	131	1
557	28	144	1
558	28	173	1
559	28	202	1
560	28	213	1
561	29	53	1
562	29	73	1
563	29	78	1
564	29	99	1
565	29	112	1
566	29	126	1
567	29	128	1
568	29	139	1
569	29	147	1
570	29	149	1
571	29	168	1
572	29	174	1
573	29	180	1
574	29	181	1
575	29	187	1
576	29	188	1
577	29	201	1
578	29	209	1
579	29	211	1
580	30	31	1
581	30	42	1
582	30	43	1
583	30	46	1
584	30	48	1
585	30	49	1
586	30	60	1
587	30	73	1
588	30	91	1
589	30	92	1
590	30	112	1
591	30	117	1
592	30	132	1
593	30	135	1
594	30	146	1
595	30	163	1
596	30	178	1
597	30	183	1
598	30	194	1
599	30	198	1
600	30	205	1
601	30	207	1
602	30	208	1
603	30	209	1
604	31	48	1
605	31	70	1
606	31	85	1
607	31	106	1
608	31	141	1
609	31	153	1
610	31	163	1
611	31	175	1
612	31	203	1
613	31	213	1
614	32	59	1
615	32	73	1
616	32	74	1
617	32	94	1
618	32	98	1
619	32	109	1
620	32	111	1
621	32	121	1
622	32	133	1
623	32	139	1
624	32	145	1
625	32	146	1
626	32	153	1
627	32	160	1
628	32	175	1
629	32	184	1
630	32	187	1
631	32	194	1
632	32	198	1
633	32	201	1
634	33	34	1
635	33	40	1
636	33	46	1
637	33	53	1
638	33	65	1
639	33	80	1
640	33	83	1
641	33	88	1
642	33	89	1
643	33	91	1
644	33	106	1
645	33	111	1
646	33	116	1
647	33	120	1
648	33	126	1
649	33	157	1
650	33	160	1
651	33	179	1
652	33	182	1
653	33	193	1
654	33	198	1
655	33	200	1
656	33	204	1
657	33	205	1
658	33	212	1
659	34	36	1
660	34	52	1
661	34	54	1
662	34	60	1
663	34	62	1
664	34	64	1
665	34	70	1
666	34	78	1
667	34	82	1
668	34	84	1
669	34	89	1
670	34	103	1
671	34	109	1
672	34	111	1
673	34	115	1
674	34	134	1
675	34	139	1
676	34	146	1
677	34	152	1
678	34	173	1
679	34	181	1
680	34	182	1
681	34	187	1
682	34	194	1
683	34	196	1
684	34	204	1
685	35	47	1
686	35	53	1
687	35	56	1
688	35	84	1
689	35	85	1
690	35	95	1
691	35	96	1
692	35	98	1
693	35	144	1
694	35	146	1
695	35	150	1
696	35	152	1
697	35	172	1
698	35	178	1
699	35	204	1
700	35	205	1
701	35	211	1
702	36	52	1
703	36	56	1
704	36	62	1
705	36	63	1
706	36	70	1
707	36	74	1
708	36	94	1
709	36	101	1
710	36	105	1
711	36	115	1
712	36	118	1
713	36	146	1
714	36	158	1
715	36	175	1
716	36	189	1
717	36	191	1
718	36	192	1
719	37	41	1
720	37	68	1
721	37	71	1
722	37	82	1
723	37	115	1
724	37	123	1
725	37	125	1
726	37	134	1
727	37	141	1
728	37	161	1
729	37	164	1
730	37	166	1
731	37	175	1
732	37	189	1
733	37	195	1
734	37	198	1
735	37	214	1
736	38	80	1
737	38	92	1
738	38	100	1
739	38	110	1
740	38	112	1
741	38	120	1
742	38	129	1
743	38	156	1
744	38	157	1
745	38	160	1
746	39	47	1
747	39	70	1
748	39	73	1
749	39	76	1
750	39	87	1
751	39	94	1
752	39	107	1
753	39	118	1
754	39	124	1
755	39	157	1
756	39	159	1
757	39	163	1
758	39	169	1
759	39	171	1
760	39	174	1
761	39	175	1
762	40	43	1
763	40	47	1
764	40	51	1
765	40	60	1
766	40	62	1
767	40	89	1
768	40	107	1
769	40	110	1
770	40	136	1
771	40	137	1
772	40	138	1
773	40	141	1
774	40	161	1
775	40	164	1
776	40	173	1
777	40	174	1
778	40	183	1
779	40	184	1
780	40	193	1
781	40	204	1
782	40	211	1
783	40	212	1
784	40	216	1
785	41	52	1
786	41	57	1
787	41	64	1
788	41	67	1
789	41	73	1
790	41	80	1
791	41	81	1
792	41	89	1
793	41	99	1
794	41	102	1
795	41	103	1
796	41	130	1
797	41	133	1
798	41	138	1
799	41	140	1
800	41	143	1
801	41	152	1
802	41	156	1
803	41	157	1
804	41	166	1
805	41	169	1
806	41	188	1
807	41	197	1
808	41	200	1
809	41	202	1
810	41	204	1
811	41	208	1
812	41	209	1
813	41	215	1
814	42	53	1
815	42	54	1
816	42	67	1
817	42	88	1
818	42	93	1
819	42	107	1
820	42	128	1
821	42	142	1
822	42	143	1
823	42	145	1
824	42	152	1
825	42	156	1
826	42	166	1
827	42	178	1
828	42	186	1
829	42	191	1
830	42	193	1
831	43	71	1
832	43	89	1
833	43	97	1
834	43	117	1
835	43	124	1
836	43	143	1
837	43	155	1
838	43	160	1
839	43	165	1
840	43	172	1
841	43	179	1
842	43	182	1
843	43	184	1
844	43	193	1
845	43	195	1
846	43	197	1
847	43	201	1
848	43	210	1
849	44	45	1
850	44	46	1
851	44	77	1
852	44	80	1
853	44	83	1
854	44	89	1
855	44	94	1
856	44	95	1
857	44	97	1
858	44	99	1
859	44	105	1
860	44	128	1
861	44	134	1
862	44	145	1
863	44	156	1
864	44	158	1
865	44	161	1
866	44	170	1
867	44	206	1
868	45	48	1
869	45	52	1
870	45	59	1
871	45	62	1
872	45	64	1
873	45	79	1
874	45	80	1
875	45	83	1
876	45	92	1
877	45	113	1
878	45	145	1
879	45	146	1
880	45	150	1
881	45	164	1
882	45	178	1
883	45	181	1
884	45	190	1
885	45	203	1
886	45	204	1
887	45	218	1
888	46	48	1
889	46	49	1
890	46	64	1
891	46	65	1
892	46	68	1
893	46	69	1
894	46	82	1
895	46	91	1
896	46	99	1
897	46	104	1
898	46	120	1
899	46	136	1
900	46	155	1
901	46	169	1
902	46	171	1
903	46	188	1
904	46	194	1
905	46	196	1
906	46	206	1
907	46	207	1
908	46	216	1
909	47	54	1
910	47	57	1
911	47	60	1
912	47	71	1
913	47	77	1
914	47	79	1
915	47	91	1
916	47	100	1
917	47	113	1
918	47	116	1
919	47	122	1
920	47	125	1
921	47	138	1
922	47	150	1
923	47	158	1
924	47	164	1
925	47	178	1
926	47	182	1
927	47	190	1
928	47	198	1
929	47	201	1
930	47	206	1
931	47	212	1
932	48	57	1
933	48	59	1
934	48	74	1
935	48	76	1
936	48	77	1
937	48	82	1
938	48	85	1
939	48	86	1
940	48	104	1
941	48	106	1
942	48	112	1
943	48	116	1
944	48	118	1
945	48	128	1
946	48	132	1
947	48	138	1
948	48	158	1
949	48	159	1
950	48	163	1
951	48	166	1
952	48	168	1
953	48	183	1
954	48	186	1
955	48	189	1
956	48	204	1
957	48	218	1
958	49	56	1
959	49	58	1
960	49	62	1
961	49	81	1
962	49	84	1
963	49	88	1
964	49	89	1
965	49	102	1
966	49	109	1
967	49	110	1
968	49	113	1
969	49	126	1
970	49	135	1
971	49	169	1
972	49	174	1
973	49	175	1
974	49	187	1
975	49	202	1
976	49	219	1
977	50	54	1
978	50	112	1
979	50	116	1
980	50	130	1
981	50	150	1
982	50	160	1
983	50	200	1
984	50	204	1
985	50	212	1
986	50	214	1
987	50	219	1
988	51	78	1
989	51	84	1
990	51	89	1
991	51	96	1
992	51	110	1
993	51	112	1
994	51	115	1
995	51	125	1
996	51	126	1
997	51	132	1
998	51	134	1
999	51	152	1
1000	51	153	1
1001	51	188	1
1002	51	190	1
1003	52	54	1
1004	52	59	1
1005	52	72	1
1006	52	77	1
1007	52	80	1
1008	52	89	1
1009	52	92	1
1010	52	93	1
1011	52	96	1
1012	52	98	1
1013	52	100	1
1014	52	124	1
1015	52	130	1
1016	52	132	1
1017	52	199	1
1018	52	206	1
1019	52	209	1
1020	52	210	1
1021	53	72	1
1022	53	86	1
1023	53	90	1
1024	53	93	1
1025	53	112	1
1026	53	117	1
1027	53	140	1
1028	53	147	1
1029	53	170	1
1030	53	182	1
1031	53	188	1
1032	53	208	1
1033	53	210	1
1034	54	57	1
1035	54	60	1
1036	54	61	1
1037	54	69	1
1038	54	70	1
1039	54	83	1
1040	54	94	1
1041	54	106	1
1042	54	135	1
1043	54	136	1
1044	54	142	1
1045	54	144	1
1046	54	167	1
1047	54	168	1
1048	54	187	1
1049	54	190	1
1050	54	195	1
1051	54	205	1
1052	54	212	1
1053	54	215	1
1054	54	218	1
1055	55	75	1
1056	55	80	1
1057	55	84	1
1058	55	98	1
1059	55	107	1
1060	55	114	1
1061	55	148	1
1062	55	157	1
1063	55	161	1
1064	55	166	1
1065	55	179	1
1066	55	186	1
1067	55	191	1
1068	55	192	1
1069	55	197	1
1070	55	212	1
1071	55	217	1
1072	56	57	1
1073	56	90	1
1074	56	106	1
1075	56	109	1
1076	56	113	1
1077	56	116	1
1078	56	122	1
1079	56	125	1
1080	56	127	1
1081	56	132	1
1082	56	135	1
1083	56	166	1
1084	56	174	1
1085	56	189	1
1086	56	192	1
1087	56	194	1
1088	56	210	1
1089	57	69	1
1090	57	83	1
1091	57	84	1
1092	57	100	1
1093	57	102	1
1094	57	111	1
1095	57	114	1
1096	57	121	1
1097	57	136	1
1098	57	139	1
1099	57	153	1
1100	57	165	1
1101	57	174	1
1102	57	178	1
1103	57	199	1
1104	57	200	1
1105	57	203	1
1106	57	205	1
1107	57	214	1
1108	58	66	1
1109	58	71	1
1110	58	72	1
1111	58	84	1
1112	58	87	1
1113	58	91	1
1114	58	104	1
1115	58	124	1
1116	58	145	1
1117	58	146	1
1118	58	149	1
1119	58	150	1
1120	58	157	1
1121	58	178	1
1122	58	184	1
1123	58	185	1
1124	58	194	1
1125	59	65	1
1126	59	71	1
1127	59	89	1
1128	59	102	1
1129	59	104	1
1130	59	109	1
1131	59	117	1
1132	59	135	1
1133	59	136	1
1134	59	157	1
1135	59	161	1
1136	59	167	1
1137	59	191	1
1138	59	206	1
1139	59	211	1
1140	60	104	1
1141	60	128	1
1142	60	131	1
1143	60	136	1
1144	60	154	1
1145	60	155	1
1146	60	159	1
1147	60	186	1
1148	60	195	1
1149	60	199	1
1150	60	202	1
1151	60	204	1
1152	61	62	1
1153	61	94	1
1154	61	98	1
1155	61	103	1
1156	61	109	1
1157	61	120	1
1158	61	124	1
1159	61	126	1
1160	61	145	1
1161	61	146	1
1162	61	147	1
1163	61	150	1
1164	61	153	1
1165	61	179	1
1166	61	200	1
1167	61	205	1
1168	62	63	1
1169	62	67	1
1170	62	75	1
1171	62	85	1
1172	62	96	1
1173	62	126	1
1174	62	127	1
1175	62	129	1
1176	62	152	1
1177	62	166	1
1178	62	169	1
1179	62	177	1
1180	62	182	1
1181	62	196	1
1182	62	201	1
1183	62	205	1
1184	63	76	1
1185	63	82	1
1186	63	90	1
1187	63	94	1
1188	63	111	1
1189	63	115	1
1190	63	116	1
1191	63	128	1
1192	63	141	1
1193	63	143	1
1194	63	171	1
1195	63	186	1
1196	63	195	1
1197	64	68	1
1198	64	70	1
1199	64	73	1
1200	64	80	1
1201	64	85	1
1202	64	109	1
1203	64	113	1
1204	64	115	1
1205	64	160	1
1206	64	163	1
1207	64	168	1
1208	64	173	1
1209	64	174	1
1210	64	181	1
1211	64	190	1
1212	64	191	1
1213	64	210	1
1214	65	67	1
1215	65	76	1
1216	65	84	1
1217	65	86	1
1218	65	97	1
1219	65	103	1
1220	65	105	1
1221	65	108	1
1222	65	116	1
1223	65	120	1
1224	65	122	1
1225	65	131	1
1226	65	134	1
1227	65	141	1
1228	65	147	1
1229	65	153	1
1230	65	155	1
1231	65	159	1
1232	65	161	1
1233	65	173	1
1234	65	204	1
1235	66	73	1
1236	66	85	1
1237	66	106	1
1238	66	114	1
1239	66	123	1
1240	66	153	1
1241	66	155	1
1242	66	179	1
1243	66	192	1
1244	66	216	1
1245	67	68	1
1246	67	73	1
1247	67	75	1
1248	67	101	1
1249	67	102	1
1250	67	110	1
1251	67	111	1
1252	67	138	1
1253	67	140	1
1254	67	147	1
1255	67	148	1
1256	67	158	1
1257	67	167	1
1258	67	177	1
1259	67	183	1
1260	67	196	1
1261	67	198	1
1262	67	212	1
1263	68	76	1
1264	68	77	1
1265	68	82	1
1266	68	94	1
1267	68	118	1
1268	68	126	1
1269	68	127	1
1270	68	151	1
1271	68	153	1
1272	68	162	1
1273	68	165	1
1274	68	173	1
1275	68	187	1
1276	68	200	1
1277	69	84	1
1278	69	97	1
1279	69	111	1
1280	69	112	1
1281	69	120	1
1282	69	121	1
1283	69	127	1
1284	69	173	1
1285	69	176	1
1286	69	181	1
1287	69	204	1
1288	69	210	1
1289	69	213	1
1290	69	216	1
1291	70	86	1
1292	70	116	1
1293	70	126	1
1294	70	152	1
1295	70	167	1
1296	70	174	1
1297	70	197	1
1298	71	78	1
1299	71	84	1
1300	71	85	1
1301	71	86	1
1302	71	101	1
1303	71	110	1
1304	71	115	1
1305	71	141	1
1306	71	166	1
1307	71	167	1
1308	71	169	1
1309	71	189	1
1310	71	191	1
1311	71	200	1
1312	71	217	1
1313	72	73	1
1314	72	76	1
1315	72	84	1
1316	72	99	1
1317	72	110	1
1318	72	114	1
1319	72	120	1
1320	72	123	1
1321	72	131	1
1322	72	136	1
1323	72	147	1
1324	72	149	1
1325	72	151	1
1326	72	175	1
1327	72	176	1
1328	72	187	1
1329	72	195	1
1330	72	210	1
1331	73	74	1
1332	73	79	1
1333	73	83	1
1334	73	94	1
1335	73	106	1
1336	73	107	1
1337	73	112	1
1338	73	124	1
1339	73	136	1
1340	73	157	1
1341	73	165	1
1342	73	170	1
1343	73	172	1
1344	73	176	1
1345	73	197	1
1346	73	199	1
1347	74	78	1
1348	74	88	1
1349	74	89	1
1350	74	98	1
1351	74	121	1
1352	74	137	1
1353	74	142	1
1354	74	173	1
1355	74	175	1
1356	74	186	1
1357	74	187	1
1358	74	189	1
1359	74	195	1
1360	74	199	1
1361	75	82	1
1362	75	85	1
1363	75	107	1
1364	75	126	1
1365	75	139	1
1366	75	144	1
1367	75	145	1
1368	75	147	1
1369	75	152	1
1370	75	153	1
1371	75	154	1
1372	75	164	1
1373	75	168	1
1374	75	187	1
1375	75	190	1
1376	75	202	1
1377	75	207	1
1378	75	208	1
1379	75	212	1
1380	75	216	1
1381	75	217	1
1382	76	80	1
1383	76	97	1
1384	76	99	1
1385	76	155	1
1386	76	165	1
1387	76	183	1
1388	76	198	1
1389	76	207	1
1390	77	121	1
1391	77	139	1
1392	77	147	1
1393	77	154	1
1394	77	173	1
1395	77	192	1
1396	77	196	1
1397	77	210	1
1398	77	212	1
1399	78	99	1
1400	78	100	1
1401	78	103	1
1402	78	123	1
1403	78	125	1
1404	78	153	1
1405	78	166	1
1406	78	169	1
1407	78	173	1
1408	78	186	1
1409	79	82	1
1410	79	83	1
1411	79	88	1
1412	79	96	1
1413	79	99	1
1414	79	105	1
1415	79	138	1
1416	79	148	1
1417	79	163	1
1418	79	167	1
1419	79	174	1
1420	79	176	1
1421	79	185	1
1422	79	202	1
1423	80	82	1
1424	80	83	1
1425	80	94	1
1426	80	125	1
1427	80	127	1
1428	80	138	1
1429	80	142	1
1430	80	157	1
1431	80	160	1
1432	80	162	1
1433	80	178	1
1434	80	184	1
1435	80	192	1
1436	80	193	1
1437	80	202	1
1438	81	82	1
1439	81	86	1
1440	81	103	1
1441	81	110	1
1442	81	114	1
1443	81	121	1
1444	81	123	1
1445	81	125	1
1446	81	126	1
1447	81	130	1
1448	81	140	1
1449	81	154	1
1450	81	157	1
1451	81	158	1
1452	81	161	1
1453	81	171	1
1454	81	173	1
1455	81	179	1
1456	81	190	1
1457	81	191	1
1458	81	215	1
1459	81	219	1
1460	82	101	1
1461	82	105	1
1462	82	115	1
1463	82	117	1
1464	82	123	1
1465	82	130	1
1466	82	158	1
1467	82	177	1
1468	82	184	1
1469	82	190	1
1470	82	197	1
1471	83	106	1
1472	83	109	1
1473	83	125	1
1474	83	154	1
1475	83	158	1
1476	83	160	1
1477	83	182	1
1478	83	188	1
1479	83	195	1
1480	83	208	1
1481	83	213	1
1482	84	111	1
1483	84	119	1
1484	84	120	1
1485	84	128	1
1486	84	141	1
1487	84	144	1
1488	84	163	1
1489	84	170	1
1490	84	175	1
1491	84	182	1
1492	84	194	1
1493	84	215	1
1494	85	111	1
1495	85	113	1
1496	85	117	1
1497	85	124	1
1498	85	138	1
1499	85	146	1
1500	85	147	1
1501	85	156	1
1502	85	175	1
1503	85	183	1
1504	85	186	1
1505	85	189	1
1506	85	191	1
1507	85	198	1
1508	86	87	1
1509	86	99	1
1510	86	109	1
1511	86	118	1
1512	86	125	1
1513	86	132	1
1514	86	135	1
1515	86	142	1
1516	86	151	1
1517	86	156	1
1518	86	175	1
1519	86	181	1
1520	86	189	1
1521	86	205	1
1522	87	93	1
1523	87	96	1
1524	87	98	1
1525	87	99	1
1526	87	106	1
1527	87	111	1
1528	87	117	1
1529	87	142	1
1530	87	149	1
1531	87	160	1
1532	87	171	1
1533	87	181	1
1534	87	191	1
1535	87	202	1
1536	88	91	1
1537	88	129	1
1538	88	141	1
1539	88	143	1
1540	88	147	1
1541	88	176	1
1542	88	186	1
1543	88	188	1
1544	88	194	1
1545	88	196	1
1546	89	92	1
1547	89	95	1
1548	89	96	1
1549	89	100	1
1550	89	120	1
1551	89	124	1
1552	89	131	1
1553	89	133	1
1554	89	134	1
1555	89	144	1
1556	89	152	1
1557	89	157	1
1558	89	160	1
1559	89	163	1
1560	89	171	1
1561	89	180	1
1562	89	217	1
1563	90	102	1
1564	90	109	1
1565	90	123	1
1566	90	145	1
1567	90	149	1
1568	90	156	1
1569	90	157	1
1570	90	167	1
1571	90	170	1
1572	90	193	1
1573	90	197	1
1574	91	104	1
1575	91	108	1
1576	91	114	1
1577	91	116	1
1578	91	121	1
1579	91	127	1
1580	91	132	1
1581	91	156	1
1582	91	165	1
1583	91	171	1
1584	91	172	1
1585	91	175	1
1586	91	181	1
1587	91	193	1
1588	91	195	1
1589	91	198	1
1590	91	199	1
1591	92	101	1
1592	92	108	1
1593	92	110	1
1594	92	117	1
1595	92	148	1
1596	92	150	1
1597	92	155	1
1598	92	165	1
1599	92	173	1
1600	92	197	1
1601	92	199	1
1602	93	120	1
1603	93	125	1
1604	93	127	1
1605	93	131	1
1606	93	137	1
1607	93	139	1
1608	93	148	1
1609	93	182	1
1610	93	187	1
1611	93	190	1
1612	93	213	1
1613	93	217	1
1614	94	99	1
1615	94	100	1
1616	94	117	1
1617	94	128	1
1618	94	155	1
1619	94	161	1
1620	94	162	1
1621	94	182	1
1622	94	196	1
1623	94	201	1
1624	94	216	1
1625	95	97	1
1626	95	100	1
1627	95	101	1
1628	95	110	1
1629	95	116	1
1630	95	123	1
1631	95	124	1
1632	95	134	1
1633	95	139	1
1634	95	151	1
1635	95	154	1
1636	95	155	1
1637	95	158	1
1638	95	165	1
1639	95	182	1
1640	95	188	1
1641	95	189	1
1642	95	209	1
1643	96	106	1
1644	96	129	1
1645	96	142	1
1646	96	152	1
1647	96	166	1
1648	96	170	1
1649	96	175	1
1650	96	193	1
1651	96	200	1
1652	96	207	1
1653	96	211	1
1654	96	216	1
1655	97	106	1
1656	97	132	1
1657	97	144	1
1658	97	147	1
1659	97	157	1
1660	97	164	1
1661	97	167	1
1662	97	168	1
1663	97	171	1
1664	97	174	1
1665	97	181	1
1666	97	187	1
1667	97	188	1
1668	97	193	1
1669	97	209	1
1670	97	212	1
1671	98	132	1
1672	98	138	1
1673	98	143	1
1674	98	151	1
1675	98	155	1
1676	98	161	1
1677	98	172	1
1678	98	182	1
1679	98	206	1
1680	99	100	1
1681	99	104	1
1682	99	108	1
1683	99	115	1
1684	99	126	1
1685	99	132	1
1686	99	133	1
1687	99	139	1
1688	99	151	1
1689	99	185	1
1690	99	192	1
1691	99	199	1
1692	99	209	1
1693	99	214	1
1694	100	102	1
1695	100	107	1
1696	100	118	1
1697	100	127	1
1698	100	129	1
1699	100	136	1
1700	100	138	1
1701	100	145	1
1702	100	163	1
1703	100	167	1
1704	100	169	1
1705	100	212	1
1706	101	108	1
1707	101	128	1
1708	101	131	1
1709	101	134	1
1710	101	152	1
1711	101	163	1
1712	101	165	1
1713	101	171	1
1714	101	181	1
1715	101	183	1
1716	101	184	1
1717	101	186	1
1718	101	196	1
1719	101	212	1
1720	102	122	1
1721	102	142	1
1722	102	153	1
1723	102	195	1
1724	102	207	1
1725	102	210	1
1726	102	215	1
1727	103	106	1
1728	103	118	1
1729	103	142	1
1730	103	143	1
1731	103	144	1
1732	103	147	1
1733	103	150	1
1734	103	153	1
1735	103	165	1
1736	103	175	1
1737	103	176	1
1738	103	196	1
1739	103	202	1
1740	103	217	1
1741	104	105	1
1742	104	106	1
1743	104	165	1
1744	104	171	1
1745	104	188	1
1746	104	190	1
1747	104	203	1
1748	104	212	1
1749	105	124	1
1750	105	136	1
1751	105	149	1
1752	105	175	1
1753	105	177	1
1754	105	189	1
1755	105	197	1
1756	105	202	1
1757	105	211	1
1758	105	213	1
1759	106	112	1
1760	106	143	1
1761	106	159	1
1762	106	164	1
1763	106	178	1
1764	106	205	1
1765	106	208	1
1766	106	209	1
1767	106	214	1
1768	106	217	1
1769	107	109	1
1770	107	116	1
1771	107	124	1
1772	107	135	1
1773	107	154	1
1774	107	194	1
1775	107	200	1
1776	107	207	1
1777	107	211	1
1778	107	212	1
1779	107	216	1
1780	108	116	1
1781	108	117	1
1782	108	128	1
1783	108	132	1
1784	108	135	1
1785	108	144	1
1786	108	165	1
1787	108	199	1
1788	108	202	1
1789	108	205	1
1790	108	216	1
1791	109	114	1
1792	109	119	1
1793	109	120	1
1794	109	136	1
1795	109	152	1
1796	109	169	1
1797	109	171	1
1798	109	202	1
1799	109	204	1
1800	109	216	1
1801	109	219	1
1802	110	112	1
1803	110	128	1
1804	110	151	1
1805	110	158	1
1806	110	160	1
1807	110	175	1
1808	110	182	1
1809	110	187	1
1810	110	217	1
1811	111	117	1
1812	111	121	1
1813	111	123	1
1814	111	124	1
1815	111	127	1
1816	111	141	1
1817	111	166	1
1818	111	175	1
1819	111	186	1
1820	111	194	1
1821	111	217	1
1822	111	218	1
1823	112	127	1
1824	112	134	1
1825	112	138	1
1826	112	142	1
1827	112	153	1
1828	112	169	1
1829	112	171	1
1830	112	199	1
1831	112	208	1
1832	112	217	1
1833	113	139	1
1834	113	140	1
1835	113	148	1
1836	113	150	1
1837	113	167	1
1838	113	174	1
1839	113	184	1
1840	113	188	1
1841	113	200	1
1842	113	219	1
1843	114	117	1
1844	114	142	1
1845	114	158	1
1846	114	162	1
1847	114	163	1
1848	114	164	1
1849	114	168	1
1850	114	171	1
1851	114	173	1
1852	114	175	1
1853	114	187	1
1854	114	198	1
1855	114	214	1
1856	114	215	1
1857	114	216	1
1858	115	121	1
1859	115	122	1
1860	115	140	1
1861	115	143	1
1862	115	160	1
1863	115	170	1
1864	115	175	1
1865	115	183	1
1866	115	187	1
1867	115	199	1
1868	115	211	1
1869	115	214	1
1870	115	217	1
1871	116	117	1
1872	116	136	1
1873	116	141	1
1874	116	142	1
1875	116	151	1
1876	116	164	1
1877	116	167	1
1878	116	184	1
1879	116	185	1
1880	116	191	1
1881	116	194	1
1882	116	204	1
1883	116	205	1
1884	116	210	1
1885	116	215	1
1886	117	118	1
1887	117	119	1
1888	117	141	1
1889	117	149	1
1890	117	176	1
1891	117	183	1
1892	117	190	1
1893	117	202	1
1894	117	211	1
1895	117	216	1
1896	118	119	1
1897	118	122	1
1898	118	134	1
1899	118	141	1
1900	118	167	1
1901	118	173	1
1902	118	184	1
1903	118	186	1
1904	118	190	1
1905	118	205	1
1906	118	210	1
1907	119	132	1
1908	119	174	1
1909	119	182	1
1910	119	183	1
1911	119	190	1
1912	119	196	1
1913	119	201	1
1914	119	209	1
1915	119	213	1
1916	119	217	1
1917	120	123	1
1918	120	147	1
1919	120	149	1
1920	120	151	1
1921	120	160	1
1922	120	161	1
1923	120	162	1
1924	120	175	1
1925	120	178	1
1926	120	201	1
1927	121	132	1
1928	121	133	1
1929	121	147	1
1930	121	160	1
1931	121	167	1
1932	121	171	1
1933	121	182	1
1934	121	186	1
1935	121	190	1
1936	122	126	1
1937	122	129	1
1938	122	160	1
1939	122	163	1
1940	122	168	1
1941	122	173	1
1942	122	179	1
1943	122	195	1
1944	122	203	1
1945	122	211	1
1946	122	215	1
1947	122	218	1
1948	122	219	1
1949	123	130	1
1950	123	133	1
1951	123	136	1
1952	123	141	1
1953	123	154	1
1954	123	157	1
1955	123	159	1
1956	123	163	1
1957	123	166	1
1958	123	191	1
1959	123	195	1
1960	123	198	1
1961	123	199	1
1962	123	206	1
1963	123	210	1
1964	124	133	1
1965	124	164	1
1966	124	167	1
1967	124	170	1
1968	124	172	1
1969	124	178	1
1970	124	181	1
1971	124	202	1
1972	124	206	1
1973	124	207	1
1974	125	130	1
1975	125	131	1
1976	125	143	1
1977	125	177	1
1978	125	185	1
1979	125	192	1
1980	125	194	1
1981	125	195	1
1982	125	205	1
1983	126	136	1
1984	126	152	1
1985	126	170	1
1986	126	179	1
1987	126	184	1
1988	126	187	1
1989	126	200	1
1990	126	211	1
1991	127	144	1
1992	127	171	1
1993	127	189	1
1994	127	191	1
1995	127	205	1
1996	128	134	1
1997	128	141	1
1998	128	142	1
1999	128	163	1
2000	128	165	1
2001	128	175	1
2002	128	176	1
2003	128	179	1
2004	128	194	1
2005	128	198	1
2006	129	140	1
2007	129	153	1
2008	129	156	1
2009	129	169	1
2010	129	188	1
2011	129	189	1
2012	129	210	1
2013	130	148	1
2014	130	156	1
2015	130	187	1
2016	130	190	1
2017	130	199	1
2018	130	201	1
2019	130	202	1
2020	130	204	1
2021	130	211	1
2022	130	219	1
2023	131	146	1
2024	131	177	1
2025	131	179	1
2026	131	188	1
2027	131	201	1
2028	131	212	1
2029	131	214	1
2030	131	217	1
2031	132	136	1
2032	132	161	1
2033	132	173	1
2034	132	189	1
2035	132	201	1
2036	132	211	1
2037	132	216	1
2038	132	219	1
2039	133	140	1
2040	133	150	1
2041	133	164	1
2042	133	166	1
2043	133	169	1
2044	133	186	1
2045	133	192	1
2046	133	211	1
2047	133	216	1
2048	134	137	1
2049	134	139	1
2050	134	141	1
2051	134	153	1
2052	134	166	1
2053	134	171	1
2054	134	177	1
2055	134	199	1
2056	134	209	1
2057	134	216	1
2058	135	136	1
2059	135	145	1
2060	135	157	1
2061	135	165	1
2062	135	169	1
2063	135	174	1
2064	135	191	1
2065	135	194	1
2066	135	196	1
2067	135	205	1
2068	135	207	1
2069	135	211	1
2070	135	219	1
2071	136	140	1
2072	136	147	1
2073	136	148	1
2074	136	164	1
2075	136	176	1
2076	136	180	1
2077	136	194	1
2078	136	217	1
2079	137	141	1
2080	137	181	1
2081	137	192	1
2082	137	200	1
2083	137	213	1
2084	137	214	1
2085	137	217	1
2086	138	143	1
2087	138	149	1
2088	138	150	1
2089	138	157	1
2090	138	162	1
2091	138	180	1
2092	138	200	1
2093	138	205	1
2094	138	208	1
2095	139	147	1
2096	139	168	1
2097	139	180	1
2098	139	183	1
2099	139	190	1
2100	139	191	1
2101	139	211	1
2102	139	218	1
2103	140	154	1
2104	140	166	1
2105	140	180	1
2106	140	191	1
2107	140	192	1
2108	141	152	1
2109	141	154	1
2110	141	184	1
2111	141	193	1
2112	141	218	1
2113	142	147	1
2114	142	149	1
2115	142	159	1
2116	142	168	1
2117	142	170	1
2118	142	179	1
2119	142	189	1
2120	142	191	1
2121	142	210	1
2122	142	218	1
2123	142	219	1
2124	143	160	1
2125	143	172	1
2126	143	179	1
2127	143	182	1
2128	143	186	1
2129	143	196	1
2130	143	197	1
2131	143	210	1
2132	143	214	1
2133	144	150	1
2134	144	151	1
2135	144	169	1
2136	144	174	1
2137	144	185	1
2138	144	206	1
2139	145	159	1
2140	145	179	1
2141	145	180	1
2142	145	185	1
2143	145	191	1
2144	145	216	1
2145	146	172	1
2146	146	183	1
2147	146	197	1
2148	146	202	1
2149	146	204	1
2150	146	210	1
2151	146	214	1
2152	147	166	1
2153	147	168	1
2154	147	170	1
2155	147	183	1
2156	147	184	1
2157	147	189	1
2158	147	192	1
2159	147	203	1
2160	147	206	1
2161	147	213	1
2162	147	216	1
2163	148	161	1
2164	148	163	1
2165	148	185	1
2166	148	201	1
2167	148	206	1
2168	148	207	1
2169	149	170	1
2170	149	171	1
2171	149	181	1
2172	149	182	1
2173	149	192	1
2174	149	195	1
2175	149	198	1
2176	149	202	1
2177	149	209	1
2178	149	214	1
2179	149	216	1
2180	150	154	1
2181	150	157	1
2182	150	159	1
2183	150	181	1
2184	150	183	1
2185	150	219	1
2186	151	159	1
2187	151	164	1
2188	151	174	1
2189	151	187	1
2190	151	201	1
2191	151	203	1
2192	151	219	1
2193	152	153	1
2194	152	155	1
2195	152	157	1
2196	152	170	1
2197	152	182	1
2198	152	186	1
2199	152	190	1
2200	152	194	1
2201	152	209	1
2202	152	216	1
2203	153	162	1
2204	153	164	1
2205	153	169	1
2206	153	173	1
2207	153	175	1
2208	153	195	1
2209	153	200	1
2210	153	202	1
2211	153	210	1
2212	153	218	1
2213	154	174	1
2214	154	176	1
2215	154	204	1
2216	154	205	1
2217	154	207	1
2218	154	211	1
2219	154	216	1
2220	155	160	1
2221	155	165	1
2222	155	173	1
2223	155	202	1
2224	155	212	1
2225	156	162	1
2226	156	167	1
2227	156	175	1
2228	156	184	1
2229	156	188	1
2230	156	190	1
2231	156	195	1
2232	156	207	1
2233	156	212	1
2234	157	177	1
2235	157	186	1
2236	157	203	1
2237	157	208	1
2238	157	218	1
2239	158	162	1
2240	158	175	1
2241	158	179	1
2242	158	195	1
2243	158	196	1
2244	158	210	1
2245	158	219	1
2246	159	166	1
2247	159	170	1
2248	159	175	1
2249	159	188	1
2250	159	192	1
2251	159	212	1
2252	160	176	1
2253	160	179	1
2254	160	194	1
2255	160	202	1
2256	160	205	1
2257	160	208	1
2258	161	177	1
2259	161	178	1
2260	161	182	1
2261	161	183	1
2262	161	201	1
2263	161	216	1
2264	162	187	1
2265	162	190	1
2266	162	194	1
2267	162	199	1
2268	162	208	1
2269	163	173	1
2270	163	177	1
2271	163	182	1
2272	163	199	1
2273	163	207	1
2274	164	206	1
2275	164	209	1
2276	164	210	1
2277	164	211	1
2278	165	170	1
2279	165	174	1
2280	165	182	1
2281	166	190	1
2282	166	201	1
2283	166	218	1
2284	167	173	1
2285	167	191	1
2286	167	202	1
2287	167	205	1
2288	167	209	1
2289	167	214	1
2290	168	185	1
2291	168	187	1
2292	168	188	1
2293	168	194	1
2294	168	200	1
2295	168	206	1
2296	168	208	1
2297	168	214	1
2298	169	180	1
2299	169	195	1
2300	169	219	1
2301	170	183	1
2302	170	190	1
2303	170	193	1
2304	171	180	1
2305	171	186	1
2306	171	190	1
2307	171	209	1
2308	171	218	1
2309	172	173	1
2310	172	179	1
2311	172	189	1
2312	172	191	1
2313	172	201	1
2314	172	214	1
2315	173	186	1
2316	173	189	1
2317	173	194	1
2318	173	198	1
2319	173	214	1
2320	173	218	1
2321	174	195	1
2322	174	198	1
2323	174	207	1
2324	174	216	1
2325	175	178	1
2326	175	181	1
2327	175	182	1
2328	175	203	1
2329	175	214	1
2330	176	184	1
2331	176	196	1
2332	176	211	1
2333	177	188	1
2334	177	189	1
2335	177	193	1
2336	177	195	1
2337	177	201	1
2338	177	202	1
2339	177	212	1
2340	178	187	1
2341	178	194	1
2342	178	201	1
2343	178	218	1
2344	178	219	1
2345	179	187	1
2346	179	198	1
2347	179	210	1
2348	180	204	1
2349	180	217	1
2350	181	188	1
2351	181	190	1
2352	181	217	1
2353	182	183	1
2354	182	184	1
2355	182	186	1
2356	182	189	1
2357	182	190	1
2358	182	191	1
2359	182	200	1
2360	182	205	1
2361	183	207	1
2362	184	185	1
2363	184	188	1
2364	184	203	1
2365	185	202	1
2366	185	205	1
2367	185	206	1
2368	186	207	1
2369	186	212	1
2370	187	189	1
2371	187	205	1
2372	188	194	1
2373	188	203	1
2374	188	209	1
2375	189	196	1
2376	189	200	1
2377	189	203	1
2378	189	208	1
2379	189	215	1
2380	190	193	1
2381	190	207	1
2382	190	209	1
2383	190	218	1
2384	191	199	1
2385	192	207	1
2386	192	208	1
2387	192	212	1
2388	193	196	1
2389	193	203	1
2390	193	207	1
2391	193	210	1
2392	193	217	1
2393	195	203	1
2394	195	210	1
2395	196	209	1
2396	196	212	1
2397	197	200	1
2398	197	215	1
2399	198	200	1
2400	198	202	1
2401	199	207	1
2402	199	214	1
2403	199	215	1
2404	199	219	1
2405	200	210	1
2406	203	206	1
2407	204	205	1
2408	204	212	1
2409	208	211	1
2410	208	219	1
2411	210	211	1
2412	210	218	1
2413	212	215	1
2414	213	218	1
