Link_index	Source	Destination	Capacity(kbps)
0	0	10	1
1	0	28	1
2	0	33	1
3	0	69	1
4	0	147	1
5	0	149	1
6	0	154	1
7	0	163	1
8	0	171	1
9	1	23	1
10	1	49	1
11	1	52	1
12	1	64	1
13	1	85	1
14	1	97	1
15	1	137	1
16	1	177	1
17	2	12	1
18	2	15	1
19	2	39	1
20	2	52	1
21	2	72	1
22	2	73	1
23	2	79	1
24	2	121	1
25	2	126	1
26	3	6	1
27	3	17	1
28	3	30	1
29	3	38	1
30	3	72	1
31	3	80	1
32	3	93	1
33	3	95	1
34	3	114	1
35	3	157	1
36	4	42	1
37	4	52	1
38	4	56	1
39	4	75	1
40	4	85	1
41	4	91	1
42	4	100	1
43	4	104	1
44	4	108	1
45	4	145	1
46	4	174	1
47	5	9	1
48	5	23	1
49	5	37	1
50	5	72	1
51	5	96	1
52	5	111	1
53	5	124	1
54	5	142	1
55	5	156	1
56	6	14	1
57	6	57	1
58	6	65	1
59	6	117	1
60	6	144	1
61	6	154	1
62	7	15	1
63	7	32	1
64	7	36	1
65	7	58	1
66	7	61	1
67	7	72	1
68	7	92	1
69	7	94	1
70	7	118	1
71	7	127	1
72	7	140	1
73	8	30	1
74	8	31	1
75	8	53	1
76	8	58	1
77	8	62	1
78	8	66	1
79	8	101	1
80	8	103	1
81	8	122	1
82	8	126	1
83	8	127	1
84	8	129	1
85	8	153	1
86	9	29	1
87	9	38	1
88	9	56	1
89	9	70	1
90	9	71	1
91	9	73	1
92	9	101	1
93	9	110	1
94	9	115	1
95	9	119	1
96	9	147	1
97	9	149	1
98	9	170	1
99	10	46	1
100	10	90	1
101	10	100	1
102	10	101	1
103	10	119	1
104	10	135	1
105	10	154	1
106	10	163	1
107	10	167	1
108	11	19	1
109	11	38	1
110	11	49	1
111	11	61	1
112	11	73	1
113	11	95	1
114	11	121	1
115	11	135	1
116	11	136	1
117	11	137	1
118	11	150	1
119	11	156	1
120	12	13	1
121	12	18	1
122	12	46	1
123	12	99	1
124	12	122	1
125	12	126	1
126	12	135	1
127	12	157	1
128	13	37	1
129	13	108	1
130	13	162	1
131	13	165	1
132	14	32	1
133	14	45	1
134	14	55	1
135	14	76	1
136	14	154	1
137	14	156	1
138	14	168	1
139	15	31	1
140	15	46	1
141	15	48	1
142	15	83	1
143	15	101	1
144	15	122	1
145	15	132	1
146	15	144	1
147	15	145	1
148	15	163	1
149	15	167	1
150	15	168	1
151	16	18	1
152	17	32	1
153	17	46	1
154	17	117	1
155	17	121	1
156	17	135	1
157	17	146	1
158	17	155	1
159	17	169	1
160	18	39	1
161	18	59	1
162	18	107	1
163	18	110	1
164	18	127	1
165	19	21	1
166	19	36	1
167	19	41	1
168	19	70	1
169	19	92	1
170	19	100	1
171	19	103	1
172	19	109	1
173	19	111	1
174	19	122	1
175	19	173	1
176	20	44	1
177	20	48	1
178	20	63	1
179	20	127	1
180	20	165	1
181	21	95	1
182	21	130	1
183	21	144	1
184	21	159	1
185	21	171	1
186	22	23	1
187	22	88	1
188	22	116	1
189	22	132	1
190	22	159	1
191	23	39	1
192	23	42	1
193	23	69	1
194	23	70	1
195	23	106	1
196	23	118	1
197	23	119	1
198	23	143	1
199	23	157	1
200	23	170	1
201	23	175	1
202	24	44	1
203	24	49	1
204	24	68	1
205	24	69	1
206	24	79	1
207	24	114	1
208	24	148	1
209	24	171	1
210	24	172	1
211	25	75	1
212	25	108	1
213	25	166	1
214	25	169	1
215	26	30	1
216	26	45	1
217	26	50	1
218	26	52	1
219	26	69	1
220	26	73	1
221	26	80	1
222	26	95	1
223	26	106	1
224	26	117	1
225	26	121	1
226	26	124	1
227	26	128	1
228	26	143	1
229	26	149	1
230	27	81	1
231	27	89	1
232	27	123	1
233	27	124	1
234	27	140	1
235	27	147	1
236	27	161	1
237	28	52	1
238	28	85	1
239	28	98	1
240	28	134	1
241	28	137	1
242	28	158	1
243	28	167	1
244	28	168	1
245	29	39	1
246	29	60	1
247	29	68	1
248	29	83	1
249	29	100	1
250	29	101	1
251	29	123	1
252	29	156	1
253	29	166	1
254	30	62	1
255	30	79	1
256	30	87	1
257	30	92	1
258	30	95	1
259	30	100	1
260	30	120	1
261	30	154	1
262	31	57	1
263	31	85	1
264	31	88	1
265	31	97	1
266	31	100	1
267	31	105	1
268	31	115	1
269	31	127	1
270	32	35	1
271	32	58	1
272	32	60	1
273	32	75	1
274	32	103	1
275	32	140	1
276	32	152	1
277	32	156	1
278	32	158	1
279	32	164	1
280	32	166	1
281	32	167	1
282	32	178	1
283	33	75	1
284	33	154	1
285	33	161	1
286	33	164	1
287	34	65	1
288	34	88	1
289	35	53	1
290	35	66	1
291	35	113	1
292	35	146	1
293	35	148	1
294	35	149	1
295	35	150	1
296	35	153	1
297	36	61	1
298	36	115	1
299	36	119	1
300	36	145	1
301	36	162	1
302	36	176	1
303	37	41	1
304	37	45	1
305	37	103	1
306	37	105	1
307	37	109	1
308	37	125	1
309	37	129	1
310	37	133	1
311	37	134	1
312	37	164	1
313	37	173	1
314	38	48	1
315	38	74	1
316	38	87	1
317	38	93	1
318	38	95	1
319	38	116	1
320	38	159	1
321	38	173	1
322	39	54	1
323	39	90	1
324	39	106	1
325	39	124	1
326	39	130	1
327	39	140	1
328	39	171	1
329	40	57	1
330	40	65	1
331	40	116	1
332	40	141	1
333	40	153	1
334	41	46	1
335	41	50	1
336	41	63	1
337	41	80	1
338	41	147	1
339	42	56	1
340	42	79	1
341	42	102	1
342	43	82	1
343	43	112	1
344	43	118	1
345	43	153	1
346	43	166	1
347	43	172	1
348	43	175	1
349	44	54	1
350	44	79	1
351	44	105	1
352	44	106	1
353	44	108	1
354	44	115	1
355	44	127	1
356	44	128	1
357	44	137	1
358	44	139	1
359	45	109	1
360	45	145	1
361	45	166	1
362	46	69	1
363	46	84	1
364	46	105	1
365	46	115	1
366	46	116	1
367	46	127	1
368	46	138	1
369	47	50	1
370	47	57	1
371	47	62	1
372	47	78	1
373	47	87	1
374	47	102	1
375	47	115	1
376	47	132	1
377	47	150	1
378	47	154	1
379	48	54	1
380	48	87	1
381	48	88	1
382	48	91	1
383	48	99	1
384	48	100	1
385	48	111	1
386	48	157	1
387	48	162	1
388	48	170	1
389	49	56	1
390	49	57	1
391	49	60	1
392	49	64	1
393	49	68	1
394	49	103	1
395	49	120	1
396	49	141	1
397	50	68	1
398	50	110	1
399	50	129	1
400	50	132	1
401	50	142	1
402	50	148	1
403	51	69	1
404	51	104	1
405	51	143	1
406	51	145	1
407	51	150	1
408	51	163	1
409	51	165	1
410	51	172	1
411	51	177	1
412	52	82	1
413	52	84	1
414	52	127	1
415	52	136	1
416	52	138	1
417	52	140	1
418	53	95	1
419	53	155	1
420	53	174	1
421	54	76	1
422	54	77	1
423	54	109	1
424	54	131	1
425	54	132	1
426	54	142	1
427	54	161	1
428	54	176	1
429	55	91	1
430	55	134	1
431	55	142	1
432	55	146	1
433	55	149	1
434	55	158	1
435	55	160	1
436	55	174	1
437	55	175	1
438	56	105	1
439	56	111	1
440	56	156	1
441	56	176	1
442	57	61	1
443	57	63	1
444	57	127	1
445	57	147	1
446	57	150	1
447	57	160	1
448	58	60	1
449	58	82	1
450	58	86	1
451	58	107	1
452	58	136	1
453	58	150	1
454	59	68	1
455	59	75	1
456	59	77	1
457	59	142	1
458	59	165	1
459	60	71	1
460	60	96	1
461	60	118	1
462	60	121	1
463	60	136	1
464	60	150	1
465	60	164	1
466	61	84	1
467	61	109	1
468	61	126	1
469	61	137	1
470	61	167	1
471	62	71	1
472	62	94	1
473	62	96	1
474	62	131	1
475	62	153	1
476	62	161	1
477	63	124	1
478	64	75	1
479	64	100	1
480	64	112	1
481	64	141	1
482	64	170	1
483	65	79	1
484	65	99	1
485	65	111	1
486	65	116	1
487	65	120	1
488	65	125	1
489	65	133	1
490	65	161	1
491	65	176	1
492	66	70	1
493	66	73	1
494	66	91	1
495	66	106	1
496	66	114	1
497	66	164	1
498	67	70	1
499	67	93	1
500	67	95	1
501	67	104	1
502	67	106	1
503	67	114	1
504	67	171	1
505	67	179	1
506	68	81	1
507	68	91	1
508	68	94	1
509	68	101	1
510	68	114	1
511	68	118	1
512	68	170	1
513	69	83	1
514	69	84	1
515	69	151	1
516	69	157	1
517	70	78	1
518	70	86	1
519	70	90	1
520	70	93	1
521	70	107	1
522	70	112	1
523	70	114	1
524	71	73	1
525	71	103	1
526	71	137	1
527	72	96	1
528	72	143	1
529	73	97	1
530	73	132	1
531	73	145	1
532	73	170	1
533	75	97	1
534	75	117	1
535	75	120	1
536	75	122	1
537	75	148	1
538	75	160	1
539	76	95	1
540	76	97	1
541	76	123	1
542	76	139	1
543	76	145	1
544	76	174	1
545	77	101	1
546	77	104	1
547	77	120	1
548	77	130	1
549	78	91	1
550	78	107	1
551	78	158	1
552	78	164	1
553	79	85	1
554	79	91	1
555	79	149	1
556	79	159	1
557	80	97	1
558	80	107	1
559	80	111	1
560	80	147	1
561	80	153	1
562	80	166	1
563	81	114	1
564	81	123	1
565	81	172	1
566	82	85	1
567	82	101	1
568	82	102	1
569	82	120	1
570	82	126	1
571	82	131	1
572	82	134	1
573	82	148	1
574	82	150	1
575	82	156	1
576	82	159	1
577	82	161	1
578	82	165	1
579	83	93	1
580	83	95	1
581	83	97	1
582	83	99	1
583	83	114	1
584	83	135	1
585	83	140	1
586	84	88	1
587	84	95	1
588	84	98	1
589	84	107	1
590	84	139	1
591	84	144	1
592	84	149	1
593	84	169	1
594	84	176	1
595	85	89	1
596	85	97	1
597	85	132	1
598	85	140	1
599	85	176	1
600	86	88	1
601	86	143	1
602	86	160	1
603	87	99	1
604	87	100	1
605	87	119	1
606	87	135	1
607	87	166	1
608	88	97	1
609	88	103	1
610	88	109	1
611	88	139	1
612	88	140	1
613	88	146	1
614	88	152	1
615	88	157	1
616	88	179	1
617	89	91	1
618	89	108	1
619	89	125	1
620	89	164	1
621	89	173	1
622	90	95	1
623	90	101	1
624	90	127	1
625	90	136	1
626	90	156	1
627	90	173	1
628	91	118	1
629	91	119	1
630	91	142	1
631	92	111	1
632	92	145	1
633	92	151	1
634	92	177	1
635	93	105	1
636	93	113	1
637	93	124	1
638	93	143	1
639	93	161	1
640	93	166	1
641	94	103	1
642	94	130	1
643	94	132	1
644	94	161	1
645	95	168	1
646	96	97	1
647	96	112	1
648	96	139	1
649	96	172	1
650	97	111	1
651	97	116	1
652	97	144	1
653	97	152	1
654	97	163	1
655	98	101	1
656	98	150	1
657	98	157	1
658	98	172	1
659	98	175	1
660	100	117	1
661	100	124	1
662	100	144	1
663	100	146	1
664	100	165	1
665	100	168	1
666	101	115	1
667	101	147	1
668	102	104	1
669	102	114	1
670	102	115	1
671	102	157	1
672	102	158	1
673	102	161	1
674	103	125	1
675	103	177	1
676	104	123	1
677	104	125	1
678	104	171	1
679	105	141	1
680	105	143	1
681	105	148	1
682	105	149	1
683	105	150	1
684	106	113	1
685	106	138	1
686	106	150	1
687	106	159	1
688	107	116	1
689	107	122	1
690	107	169	1
691	107	177	1
692	108	148	1
693	109	116	1
694	109	133	1
695	109	138	1
696	110	119	1
697	110	134	1
698	110	155	1
699	110	168	1
700	111	131	1
701	111	134	1
702	113	123	1
703	113	131	1
704	113	149	1
705	113	151	1
706	113	174	1
707	114	140	1
708	114	161	1
709	115	121	1
710	115	172	1
711	116	133	1
712	116	135	1
713	116	144	1
714	116	156	1
715	117	124	1
716	117	140	1
717	117	155	1
718	117	167	1
719	117	169	1
720	118	150	1
721	119	145	1
722	119	147	1
723	119	165	1
724	119	172	1
725	120	124	1
726	120	141	1
727	120	155	1
728	120	170	1
729	120	171	1
730	120	172	1
731	121	132	1
732	121	139	1
733	121	166	1
734	121	171	1
735	121	173	1
736	121	178	1
737	122	159	1
738	122	168	1
739	123	135	1
740	123	143	1
741	123	153	1
742	123	155	1
743	125	147	1
744	125	157	1
745	125	164	1
746	125	175	1
747	126	172	1
748	127	145	1
749	128	169	1
750	129	148	1
751	131	134	1
752	131	162	1
753	131	166	1
754	132	138	1
755	132	156	1
756	132	162	1
757	133	138	1
758	133	173	1
759	133	177	1
760	134	143	1
761	134	168	1
762	135	162	1
763	135	166	1
764	135	178	1
765	136	142	1
766	136	175	1
767	137	172	1
768	138	159	1
769	139	146	1
770	140	169	1
771	141	170	1
772	141	174	1
773	143	150	1
774	143	151	1
775	144	155	1
776	144	165	1
777	145	146	1
778	145	175	1
779	146	150	1
780	146	159	1
781	147	152	1
782	147	161	1
783	147	172	1
784	148	152	1
785	148	154	1
786	149	153	1
787	150	155	1
788	151	152	1
789	151	162	1
790	154	165	1
791	154	168	1
792	154	172	1
793	155	163	1
794	156	163	1
795	156	175	1
796	157	158	1
797	158	161	1
798	158	177	1
799	163	174	1
800	164	177	1
801	166	176	1
802	171	175	1
803	172	177	1
804	174	179	1
