Link_index	Source	Destination	Capacity(kbps)
0	0	12	1
1	0	25	1
2	0	30	1
3	0	45	1
4	0	51	1
5	0	73	1
6	0	76	1
7	0	77	1
8	0	84	1
9	1	5	1
10	1	12	1
11	1	13	1
12	1	24	1
13	1	29	1
14	1	30	1
15	1	33	1
16	1	45	1
17	1	48	1
18	1	61	1
19	1	68	1
20	1	81	1
21	1	83	1
22	2	8	1
23	2	13	1
24	2	14	1
25	2	34	1
26	2	36	1
27	2	44	1
28	2	46	1
29	2	68	1
30	2	70	1
31	2	76	1
32	2	82	1
33	3	11	1
34	3	44	1
35	3	49	1
36	3	50	1
37	3	79	1
38	3	86	1
39	4	12	1
40	4	14	1
41	4	28	1
42	4	32	1
43	4	49	1
44	4	55	1
45	4	68	1
46	4	82	1
47	4	84	1
48	5	12	1
49	5	20	1
50	5	58	1
51	5	63	1
52	5	86	1
53	5	89	1
54	6	25	1
55	6	31	1
56	6	36	1
57	6	39	1
58	6	58	1
59	6	87	1
60	7	10	1
61	7	12	1
62	7	22	1
63	7	26	1
64	7	44	1
65	7	45	1
66	7	49	1
67	7	52	1
68	7	68	1
69	7	74	1
70	7	89	1
71	8	11	1
72	8	12	1
73	8	22	1
74	8	55	1
75	8	61	1
76	8	64	1
77	8	83	1
78	9	10	1
79	9	31	1
80	9	37	1
81	9	40	1
82	9	42	1
83	9	51	1
84	9	58	1
85	9	64	1
86	9	86	1
87	10	12	1
88	10	17	1
89	10	30	1
90	10	56	1
91	10	62	1
92	10	68	1
93	10	69	1
94	11	17	1
95	11	19	1
96	11	22	1
97	11	24	1
98	11	26	1
99	11	29	1
100	11	32	1
101	11	61	1
102	11	68	1
103	11	74	1
104	12	29	1
105	12	36	1
106	12	41	1
107	12	42	1
108	12	45	1
109	12	57	1
110	12	74	1
111	12	83	1
112	12	85	1
113	13	17	1
114	13	25	1
115	13	29	1
116	13	37	1
117	13	39	1
118	13	46	1
119	13	63	1
120	13	64	1
121	13	87	1
122	14	21	1
123	14	44	1
124	14	58	1
125	14	67	1
126	14	76	1
127	14	77	1
128	15	17	1
129	15	20	1
130	15	24	1
131	15	32	1
132	15	35	1
133	15	37	1
134	15	47	1
135	15	51	1
136	15	58	1
137	15	80	1
138	15	84	1
139	16	37	1
140	16	38	1
141	16	67	1
142	16	75	1
143	16	78	1
144	16	79	1
145	16	82	1
146	17	36	1
147	17	38	1
148	17	50	1
149	17	54	1
150	17	67	1
151	18	19	1
152	18	35	1
153	18	66	1
154	18	77	1
155	18	78	1
156	18	83	1
157	19	28	1
158	19	32	1
159	19	34	1
160	19	44	1
161	19	68	1
162	19	87	1
163	20	24	1
164	20	34	1
165	20	51	1
166	20	69	1
167	20	73	1
168	20	74	1
169	20	86	1
170	20	88	1
171	20	89	1
172	21	23	1
173	21	27	1
174	21	28	1
175	21	32	1
176	21	34	1
177	21	40	1
178	21	64	1
179	21	71	1
180	22	40	1
181	22	42	1
182	22	46	1
183	22	81	1
184	23	28	1
185	23	31	1
186	23	50	1
187	23	61	1
188	23	71	1
189	23	87	1
190	24	25	1
191	24	31	1
192	24	44	1
193	24	58	1
194	24	61	1
195	24	67	1
196	24	74	1
197	24	76	1
198	24	77	1
199	24	82	1
200	24	88	1
201	25	29	1
202	25	42	1
203	25	46	1
204	25	65	1
205	25	79	1
206	25	87	1
207	26	28	1
208	26	31	1
209	26	60	1
210	26	70	1
211	26	74	1
212	26	80	1
213	26	83	1
214	26	84	1
215	26	89	1
216	27	37	1
217	27	41	1
218	27	78	1
219	27	83	1
220	28	46	1
221	28	60	1
222	28	72	1
223	28	84	1
224	28	86	1
225	29	57	1
226	29	70	1
227	29	75	1
228	29	80	1
229	30	41	1
230	30	51	1
231	30	54	1
232	30	62	1
233	30	64	1
234	30	78	1
235	30	79	1
236	31	33	1
237	31	37	1
238	31	42	1
239	31	43	1
240	31	44	1
241	31	45	1
242	31	51	1
243	31	57	1
244	31	78	1
245	31	81	1
246	32	39	1
247	32	41	1
248	32	52	1
249	32	57	1
250	32	60	1
251	32	70	1
252	32	76	1
253	32	79	1
254	33	76	1
255	34	36	1
256	34	38	1
257	34	45	1
258	34	46	1
259	34	49	1
260	34	50	1
261	34	52	1
262	34	55	1
263	34	62	1
264	34	82	1
265	34	85	1
266	35	42	1
267	35	43	1
268	35	44	1
269	35	47	1
270	35	61	1
271	35	70	1
272	35	78	1
273	36	42	1
274	36	46	1
275	36	55	1
276	36	68	1
277	36	89	1
278	37	58	1
279	37	64	1
280	37	86	1
281	38	83	1
282	38	84	1
283	39	41	1
284	39	47	1
285	39	50	1
286	39	75	1
287	39	79	1
288	39	81	1
289	39	84	1
290	40	42	1
291	40	45	1
292	40	71	1
293	40	80	1
294	41	43	1
295	41	68	1
296	41	74	1
297	41	78	1
298	41	85	1
299	42	48	1
300	42	75	1
301	43	69	1
302	43	75	1
303	44	46	1
304	44	48	1
305	44	50	1
306	44	52	1
307	44	53	1
308	44	60	1
309	44	70	1
310	44	73	1
311	44	81	1
312	45	55	1
313	45	66	1
314	45	69	1
315	45	85	1
316	45	89	1
317	46	53	1
318	46	62	1
319	46	73	1
320	46	81	1
321	47	51	1
322	47	55	1
323	47	59	1
324	47	66	1
325	47	70	1
326	47	72	1
327	47	83	1
328	48	49	1
329	48	50	1
330	48	51	1
331	48	68	1
332	48	89	1
333	49	50	1
334	49	51	1
335	49	81	1
336	49	83	1
337	50	55	1
338	50	65	1
339	50	86	1
340	51	55	1
341	51	68	1
342	51	82	1
343	52	55	1
344	52	57	1
345	52	76	1
346	52	84	1
347	52	88	1
348	53	65	1
349	53	72	1
350	53	75	1
351	54	57	1
352	54	67	1
353	54	78	1
354	54	83	1
355	55	83	1
356	56	62	1
357	56	65	1
358	56	83	1
359	57	84	1
360	57	86	1
361	57	89	1
362	58	68	1
363	58	76	1
364	58	79	1
365	58	88	1
366	59	79	1
367	60	62	1
368	60	63	1
369	60	65	1
370	60	70	1
371	60	73	1
372	60	83	1
373	61	64	1
374	61	69	1
375	61	77	1
376	62	68	1
377	63	65	1
378	63	80	1
379	63	86	1
380	64	69	1
381	64	71	1
382	64	89	1
383	65	74	1
384	65	88	1
385	66	82	1
386	66	87	1
387	70	75	1
388	70	82	1
389	70	87	1
390	71	73	1
391	71	79	1
392	71	86	1
393	72	83	1
394	73	76	1
395	74	75	1
396	74	77	1
397	75	86	1
398	76	77	1
399	76	81	1
400	77	87	1
401	78	81	1
402	80	87	1
