Link_index	Source	Destination	Capacity(kbps)
0	0	3	1
1	0	4	1
2	0	8	1
3	0	28	1
4	0	43	1
5	0	59	1
6	0	71	1
7	1	3	1
8	1	7	1
9	1	13	1
10	1	17	1
11	1	34	1
12	1	35	1
13	1	51	1
14	1	84	1
15	1	98	1
16	1	118	1
17	2	3	1
18	2	4	1
19	2	5	1
20	2	18	1
21	2	20	1
22	2	21	1
23	2	23	1
24	2	24	1
25	2	45	1
26	2	53	1
27	2	64	1
28	2	68	1
29	2	86	1
30	2	95	1
31	2	99	1
32	2	108	1
33	2	119	1
34	3	4	1
35	3	5	1
36	3	6	1
37	3	7	1
38	3	10	1
39	3	11	1
40	3	16	1
41	3	25	1
42	3	27	1
43	3	28	1
44	3	32	1
45	3	35	1
46	3	37	1
47	3	46	1
48	3	52	1
49	3	54	1
50	3	55	1
51	3	58	1
52	3	62	1
53	3	66	1
54	3	67	1
55	3	74	1
56	3	79	1
57	3	83	1
58	3	87	1
59	3	94	1
60	3	97	1
61	3	99	1
62	3	100	1
63	3	102	1
64	3	105	1
65	3	109	1
66	4	5	1
67	4	6	1
68	4	9	1
69	4	10	1
70	4	11	1
71	4	12	1
72	4	13	1
73	4	14	1
74	4	15	1
75	4	16	1
76	4	19	1
77	4	20	1
78	4	22	1
79	4	24	1
80	4	25	1
81	4	26	1
82	4	34	1
83	4	36	1
84	4	38	1
85	4	39	1
86	4	41	1
87	4	43	1
88	4	48	1
89	4	50	1
90	4	57	1
91	4	63	1
92	4	68	1
93	4	77	1
94	4	79	1
95	4	83	1
96	4	88	1
97	4	91	1
98	4	116	1
99	5	6	1
100	5	12	1
101	5	14	1
102	5	15	1
103	5	22	1
104	5	23	1
105	5	25	1
106	5	27	1
107	5	29	1
108	5	44	1
109	5	56	1
110	5	72	1
111	5	91	1
112	5	96	1
113	5	102	1
114	5	104	1
115	5	105	1
116	5	113	1
117	5	117	1
118	6	7	1
119	6	8	1
120	6	9	1
121	6	10	1
122	6	11	1
123	6	26	1
124	6	27	1
125	6	37	1
126	6	42	1
127	6	47	1
128	6	52	1
129	6	57	1
130	6	59	1
131	6	69	1
132	6	84	1
133	7	8	1
134	7	15	1
135	7	23	1
136	7	81	1
137	7	97	1
138	7	106	1
139	7	113	1
140	8	9	1
141	8	21	1
142	8	24	1
143	8	31	1
144	8	54	1
145	8	61	1
146	8	104	1
147	8	116	1
148	9	14	1
149	9	17	1
150	9	94	1
151	10	12	1
152	10	16	1
153	10	17	1
154	10	18	1
155	10	20	1
156	10	33	1
157	10	36	1
158	10	40	1
159	10	42	1
160	10	54	1
161	10	56	1
162	10	58	1
163	10	60	1
164	10	70	1
165	10	98	1
166	11	13	1
167	11	31	1
168	11	32	1
169	11	36	1
170	11	39	1
171	11	55	1
172	11	60	1
173	11	67	1
174	11	68	1
175	11	72	1
176	11	75	1
177	11	82	1
178	11	96	1
179	11	106	1
180	11	107	1
181	11	116	1
182	12	28	1
183	12	30	1
184	12	35	1
185	12	39	1
186	12	78	1
187	12	85	1
188	12	119	1
189	13	38	1
190	14	26	1
191	14	29	1
192	14	31	1
193	14	33	1
194	14	34	1
195	14	60	1
196	14	63	1
197	14	70	1
198	14	108	1
199	14	114	1
200	15	56	1
201	15	100	1
202	15	110	1
203	16	18	1
204	16	21	1
205	16	30	1
206	16	38	1
207	16	48	1
208	16	76	1
209	16	78	1
210	16	102	1
211	17	19	1
212	17	92	1
213	18	19	1
214	18	43	1
215	18	76	1
216	18	115	1
217	19	22	1
218	19	45	1
219	19	46	1
220	19	64	1
221	19	67	1
222	19	112	1
223	21	30	1
224	21	47	1
225	21	51	1
226	22	49	1
227	22	61	1
228	22	86	1
229	22	87	1
230	22	103	1
231	23	45	1
232	23	50	1
233	23	101	1
234	24	33	1
235	24	65	1
236	24	112	1
237	25	29	1
238	25	32	1
239	25	44	1
240	25	88	1
241	26	40	1
242	26	41	1
243	26	81	1
244	26	90	1
245	27	84	1
246	27	110	1
247	28	74	1
248	29	37	1
249	29	55	1
250	30	49	1
251	31	40	1
252	31	90	1
253	32	53	1
254	32	75	1
255	33	63	1
256	33	70	1
257	33	100	1
258	34	42	1
259	34	47	1
260	34	71	1
261	34	82	1
262	34	97	1
263	35	48	1
264	35	62	1
265	35	77	1
266	35	78	1
267	35	98	1
268	35	104	1
269	37	117	1
270	38	44	1
271	38	50	1
272	38	65	1
273	38	73	1
274	38	85	1
275	38	109	1
276	39	41	1
277	39	49	1
278	39	85	1
279	40	61	1
280	41	46	1
281	41	59	1
282	41	64	1
283	41	73	1
284	41	94	1
285	41	96	1
286	41	111	1
287	42	77	1
288	43	53	1
289	43	73	1
290	43	86	1
291	43	90	1
292	44	52	1
293	44	57	1
294	44	69	1
295	46	62	1
296	47	58	1
297	47	71	1
298	47	89	1
299	49	51	1
300	50	75	1
301	50	81	1
302	50	93	1
303	52	65	1
304	52	80	1
305	52	82	1
306	52	87	1
307	52	89	1
308	52	111	1
309	52	118	1
310	53	74	1
311	54	92	1
312	56	66	1
313	58	69	1
314	58	92	1
315	58	93	1
316	58	109	1
317	58	113	1
318	61	83	1
319	61	117	1
320	62	105	1
321	62	108	1
322	62	114	1
323	62	115	1
324	63	66	1
325	63	110	1
326	64	72	1
327	64	80	1
328	65	115	1
329	70	95	1
330	72	76	1
331	72	103	1
332	73	101	1
333	74	79	1
334	74	88	1
335	74	89	1
336	74	91	1
337	74	112	1
338	74	114	1
339	76	80	1
340	78	99	1
341	82	93	1
342	83	107	1
343	87	101	1
344	87	107	1
345	91	95	1
346	93	103	1
347	98	111	1
348	98	118	1
349	103	119	1
350	104	106	1
