Link_index	Source	Destination	Capacity(kbps)
0	0	1	1
1	0	5	1
2	0	47	1
3	0	65	1
4	0	89	1
5	0	92	1
6	0	99	1
7	0	106	1
8	0	111	1
9	0	112	1
10	0	121	1
11	0	128	1
12	0	130	1
13	0	141	1
14	0	144	1
15	0	149	1
16	0	155	1
17	0	168	1
18	0	175	1
19	1	7	1
20	1	9	1
21	1	13	1
22	1	57	1
23	1	90	1
24	1	93	1
25	1	95	1
26	1	96	1
27	1	101	1
28	1	112	1
29	1	128	1
30	1	129	1
31	1	135	1
32	1	150	1
33	1	168	1
34	1	176	1
35	1	177	1
36	2	7	1
37	2	14	1
38	2	28	1
39	2	31	1
40	2	37	1
41	2	49	1
42	2	52	1
43	2	67	1
44	2	72	1
45	2	131	1
46	2	137	1
47	2	155	1
48	2	161	1
49	2	168	1
50	2	169	1
51	3	17	1
52	3	20	1
53	3	31	1
54	3	53	1
55	3	69	1
56	3	73	1
57	3	75	1
58	3	87	1
59	3	92	1
60	3	110	1
61	3	123	1
62	3	124	1
63	3	125	1
64	3	135	1
65	3	160	1
66	3	165	1
67	3	170	1
68	4	8	1
69	4	19	1
70	4	20	1
71	4	26	1
72	4	36	1
73	4	47	1
74	4	68	1
75	4	76	1
76	4	80	1
77	4	82	1
78	4	85	1
79	4	88	1
80	4	90	1
81	4	98	1
82	4	104	1
83	4	105	1
84	4	109	1
85	4	115	1
86	4	118	1
87	4	133	1
88	4	136	1
89	4	140	1
90	4	144	1
91	4	154	1
92	4	158	1
93	5	15	1
94	5	25	1
95	5	27	1
96	5	40	1
97	5	69	1
98	5	85	1
99	5	98	1
100	5	102	1
101	5	103	1
102	5	126	1
103	5	140	1
104	5	175	1
105	6	14	1
106	6	18	1
107	6	24	1
108	6	33	1
109	6	47	1
110	6	55	1
111	6	56	1
112	6	74	1
113	6	80	1
114	6	85	1
115	6	109	1
116	6	117	1
117	6	118	1
118	6	127	1
119	6	135	1
120	6	145	1
121	6	148	1
122	6	160	1
123	6	175	1
124	7	18	1
125	7	19	1
126	7	20	1
127	7	21	1
128	7	39	1
129	7	43	1
130	7	50	1
131	7	67	1
132	7	68	1
133	7	78	1
134	7	84	1
135	7	96	1
136	7	97	1
137	7	104	1
138	7	112	1
139	7	137	1
140	7	139	1
141	7	172	1
142	8	14	1
143	8	17	1
144	8	30	1
145	8	35	1
146	8	38	1
147	8	51	1
148	8	68	1
149	8	76	1
150	8	83	1
151	8	96	1
152	8	109	1
153	8	110	1
154	8	140	1
155	8	141	1
156	9	22	1
157	9	24	1
158	9	48	1
159	9	58	1
160	9	60	1
161	9	61	1
162	9	66	1
163	9	69	1
164	9	73	1
165	9	101	1
166	9	110	1
167	9	127	1
168	9	145	1
169	9	146	1
170	9	161	1
171	9	162	1
172	10	21	1
173	10	22	1
174	10	26	1
175	10	43	1
176	10	57	1
177	10	61	1
178	10	81	1
179	10	82	1
180	10	85	1
181	10	94	1
182	10	95	1
183	10	97	1
184	10	113	1
185	10	120	1
186	10	122	1
187	10	124	1
188	10	149	1
189	10	161	1
190	10	169	1
191	10	170	1
192	10	174	1
193	11	16	1
194	11	18	1
195	11	22	1
196	11	24	1
197	11	32	1
198	11	43	1
199	11	48	1
200	11	76	1
201	11	77	1
202	11	90	1
203	11	96	1
204	11	106	1
205	11	108	1
206	11	117	1
207	11	123	1
208	11	137	1
209	11	156	1
210	11	159	1
211	11	163	1
212	11	175	1
213	11	178	1
214	12	18	1
215	12	37	1
216	12	41	1
217	12	57	1
218	12	64	1
219	12	79	1
220	12	95	1
221	12	148	1
222	12	163	1
223	12	164	1
224	12	166	1
225	12	178	1
226	13	27	1
227	13	32	1
228	13	48	1
229	13	53	1
230	13	62	1
231	13	72	1
232	13	73	1
233	13	75	1
234	13	78	1
235	13	80	1
236	13	82	1
237	13	88	1
238	13	98	1
239	13	110	1
240	13	117	1
241	13	121	1
242	13	151	1
243	13	152	1
244	13	158	1
245	13	164	1
246	13	165	1
247	13	167	1
248	14	23	1
249	14	27	1
250	14	44	1
251	14	51	1
252	14	65	1
253	14	70	1
254	14	71	1
255	14	72	1
256	14	86	1
257	14	103	1
258	14	111	1
259	14	115	1
260	14	125	1
261	14	167	1
262	14	170	1
263	14	173	1
264	15	37	1
265	15	55	1
266	15	59	1
267	15	65	1
268	15	70	1
269	15	73	1
270	15	81	1
271	15	87	1
272	15	105	1
273	15	108	1
274	15	123	1
275	15	125	1
276	15	139	1
277	15	142	1
278	15	145	1
279	15	148	1
280	15	155	1
281	15	156	1
282	15	160	1
283	15	166	1
284	16	22	1
285	16	31	1
286	16	34	1
287	16	42	1
288	16	56	1
289	16	64	1
290	16	75	1
291	16	102	1
292	16	110	1
293	16	113	1
294	16	149	1
295	16	158	1
296	16	166	1
297	16	177	1
298	17	20	1
299	17	25	1
300	17	26	1
301	17	45	1
302	17	52	1
303	17	62	1
304	17	66	1
305	17	71	1
306	17	80	1
307	17	90	1
308	17	121	1
309	17	128	1
310	17	137	1
311	17	139	1
312	17	143	1
313	17	163	1
314	17	173	1
315	17	176	1
316	18	46	1
317	18	47	1
318	18	71	1
319	18	79	1
320	18	99	1
321	18	108	1
322	18	112	1
323	18	113	1
324	18	114	1
325	18	118	1
326	18	127	1
327	18	134	1
328	18	139	1
329	18	150	1
330	18	151	1
331	18	154	1
332	18	157	1
333	18	159	1
334	18	162	1
335	18	164	1
336	19	34	1
337	19	42	1
338	19	43	1
339	19	48	1
340	19	52	1
341	19	55	1
342	19	61	1
343	19	70	1
344	19	77	1
345	19	82	1
346	19	85	1
347	19	86	1
348	19	104	1
349	19	110	1
350	19	130	1
351	19	131	1
352	19	139	1
353	19	144	1
354	19	153	1
355	19	160	1
356	19	177	1
357	20	22	1
358	20	28	1
359	20	31	1
360	20	36	1
361	20	38	1
362	20	39	1
363	20	43	1
364	20	45	1
365	20	70	1
366	20	72	1
367	20	76	1
368	20	94	1
369	20	101	1
370	20	105	1
371	20	107	1
372	20	112	1
373	20	120	1
374	20	121	1
375	20	132	1
376	20	147	1
377	20	150	1
378	20	159	1
379	20	161	1
380	20	163	1
381	20	175	1
382	20	178	1
383	21	30	1
384	21	42	1
385	21	56	1
386	21	83	1
387	21	92	1
388	21	93	1
389	21	140	1
390	21	144	1
391	21	146	1
392	21	149	1
393	21	151	1
394	21	168	1
395	22	25	1
396	22	29	1
397	22	30	1
398	22	36	1
399	22	41	1
400	22	57	1
401	22	61	1
402	22	76	1
403	22	89	1
404	22	91	1
405	22	110	1
406	22	112	1
407	22	124	1
408	22	136	1
409	22	146	1
410	22	148	1
411	22	153	1
412	22	157	1
413	22	166	1
414	22	170	1
415	22	171	1
416	23	24	1
417	23	34	1
418	23	43	1
419	23	60	1
420	23	64	1
421	23	69	1
422	23	85	1
423	23	87	1
424	23	89	1
425	23	131	1
426	23	141	1
427	23	143	1
428	23	169	1
429	23	170	1
430	24	61	1
431	24	64	1
432	24	108	1
433	24	120	1
434	24	136	1
435	24	167	1
436	24	176	1
437	25	37	1
438	25	42	1
439	25	44	1
440	25	81	1
441	25	93	1
442	25	95	1
443	25	114	1
444	25	115	1
445	25	127	1
446	25	133	1
447	25	136	1
448	25	142	1
449	25	151	1
450	25	162	1
451	26	31	1
452	26	32	1
453	26	49	1
454	26	58	1
455	26	64	1
456	26	67	1
457	26	86	1
458	26	89	1
459	26	90	1
460	26	100	1
461	26	101	1
462	26	102	1
463	26	114	1
464	26	115	1
465	26	145	1
466	26	151	1
467	26	159	1
468	26	172	1
469	27	28	1
470	27	42	1
471	27	45	1
472	27	47	1
473	27	53	1
474	27	55	1
475	27	63	1
476	27	65	1
477	27	70	1
478	27	82	1
479	27	92	1
480	27	98	1
481	27	101	1
482	27	102	1
483	27	103	1
484	27	114	1
485	27	125	1
486	27	130	1
487	27	137	1
488	27	149	1
489	27	152	1
490	27	170	1
491	28	34	1
492	28	39	1
493	28	40	1
494	28	47	1
495	28	48	1
496	28	56	1
497	28	65	1
498	28	73	1
499	28	82	1
500	28	99	1
501	28	112	1
502	28	123	1
503	28	139	1
504	28	143	1
505	28	158	1
506	28	160	1
507	28	177	1
508	29	43	1
509	29	47	1
510	29	56	1
511	29	82	1
512	29	83	1
513	29	85	1
514	29	105	1
515	29	112	1
516	29	125	1
517	29	130	1
518	29	133	1
519	29	134	1
520	29	138	1
521	29	144	1
522	29	151	1
523	29	160	1
524	29	167	1
525	30	54	1
526	30	59	1
527	30	63	1
528	30	64	1
529	30	127	1
530	30	145	1
531	30	151	1
532	30	154	1
533	30	167	1
534	30	175	1
535	30	179	1
536	31	47	1
537	31	50	1
538	31	66	1
539	31	74	1
540	31	92	1
541	31	115	1
542	31	122	1
543	31	127	1
544	32	38	1
545	32	39	1
546	32	46	1
547	32	47	1
548	32	51	1
549	32	54	1
550	32	84	1
551	32	87	1
552	32	90	1
553	32	96	1
554	32	110	1
555	32	112	1
556	32	116	1
557	32	124	1
558	32	136	1
559	32	148	1
560	32	159	1
561	32	165	1
562	32	169	1
563	33	37	1
564	33	40	1
565	33	42	1
566	33	61	1
567	33	62	1
568	33	76	1
569	33	84	1
570	33	95	1
571	33	96	1
572	33	99	1
573	33	118	1
574	33	146	1
575	33	154	1
576	33	156	1
577	34	46	1
578	34	53	1
579	34	58	1
580	34	85	1
581	34	92	1
582	34	103	1
583	34	107	1
584	34	110	1
585	34	112	1
586	34	115	1
587	34	116	1
588	34	131	1
589	34	143	1
590	34	173	1
591	35	36	1
592	35	45	1
593	35	92	1
594	35	98	1
595	35	99	1
596	35	109	1
597	35	116	1
598	35	117	1
599	35	119	1
600	35	128	1
601	35	146	1
602	35	153	1
603	35	167	1
604	35	171	1
605	35	172	1
606	35	177	1
607	36	39	1
608	36	42	1
609	36	48	1
610	36	52	1
611	36	97	1
612	36	105	1
613	36	106	1
614	36	108	1
615	36	112	1
616	36	115	1
617	36	121	1
618	36	147	1
619	36	158	1
620	36	176	1
621	36	178	1
622	37	60	1
623	37	64	1
624	37	70	1
625	37	76	1
626	37	78	1
627	37	87	1
628	37	90	1
629	37	100	1
630	37	107	1
631	37	111	1
632	37	141	1
633	37	145	1
634	37	146	1
635	37	162	1
636	37	173	1
637	37	174	1
638	37	177	1
639	38	47	1
640	38	76	1
641	38	83	1
642	38	99	1
643	38	109	1
644	38	115	1
645	38	125	1
646	38	128	1
647	38	152	1
648	38	155	1
649	38	164	1
650	39	55	1
651	39	82	1
652	39	90	1
653	39	102	1
654	39	107	1
655	39	109	1
656	39	111	1
657	39	117	1
658	39	125	1
659	39	129	1
660	39	147	1
661	39	150	1
662	39	151	1
663	39	155	1
664	39	156	1
665	39	175	1
666	39	178	1
667	40	49	1
668	40	51	1
669	40	53	1
670	40	64	1
671	40	79	1
672	40	81	1
673	40	95	1
674	40	101	1
675	40	126	1
676	40	134	1
677	40	135	1
678	40	141	1
679	40	160	1
680	40	161	1
681	40	168	1
682	40	170	1
683	41	44	1
684	41	49	1
685	41	50	1
686	41	51	1
687	41	63	1
688	41	75	1
689	41	77	1
690	41	81	1
691	41	87	1
692	41	111	1
693	41	120	1
694	41	123	1
695	41	153	1
696	41	168	1
697	41	174	1
698	41	177	1
699	42	50	1
700	42	60	1
701	42	63	1
702	42	73	1
703	42	98	1
704	42	103	1
705	42	109	1
706	42	122	1
707	42	130	1
708	42	142	1
709	42	153	1
710	42	154	1
711	42	164	1
712	42	167	1
713	43	46	1
714	43	50	1
715	43	61	1
716	43	73	1
717	43	90	1
718	43	101	1
719	43	109	1
720	43	110	1
721	43	111	1
722	43	114	1
723	43	130	1
724	43	136	1
725	43	142	1
726	43	154	1
727	43	174	1
728	44	45	1
729	44	57	1
730	44	65	1
731	44	69	1
732	44	103	1
733	44	107	1
734	44	109	1
735	44	111	1
736	44	117	1
737	44	121	1
738	44	132	1
739	44	165	1
740	44	169	1
741	45	54	1
742	45	64	1
743	45	77	1
744	45	85	1
745	45	93	1
746	45	97	1
747	45	109	1
748	45	119	1
749	45	150	1
750	46	47	1
751	46	51	1
752	46	55	1
753	46	71	1
754	46	77	1
755	46	87	1
756	46	111	1
757	46	118	1
758	46	161	1
759	46	167	1
760	46	169	1
761	46	175	1
762	46	176	1
763	47	49	1
764	47	64	1
765	47	72	1
766	47	82	1
767	47	91	1
768	47	103	1
769	47	108	1
770	47	112	1
771	47	117	1
772	47	118	1
773	47	132	1
774	47	135	1
775	47	144	1
776	47	146	1
777	47	154	1
778	47	158	1
779	47	162	1
780	47	167	1
781	48	58	1
782	48	64	1
783	48	74	1
784	48	80	1
785	48	114	1
786	48	134	1
787	48	144	1
788	48	156	1
789	48	160	1
790	48	177	1
791	49	50	1
792	49	102	1
793	49	116	1
794	49	125	1
795	49	130	1
796	49	138	1
797	49	140	1
798	49	148	1
799	49	149	1
800	49	172	1
801	49	179	1
802	50	59	1
803	50	73	1
804	50	90	1
805	50	102	1
806	50	105	1
807	50	106	1
808	50	112	1
809	50	122	1
810	50	135	1
811	50	137	1
812	50	146	1
813	50	151	1
814	50	152	1
815	50	163	1
816	50	171	1
817	51	60	1
818	51	70	1
819	51	77	1
820	51	83	1
821	51	111	1
822	51	118	1
823	51	126	1
824	51	127	1
825	51	142	1
826	51	150	1
827	51	159	1
828	51	162	1
829	52	72	1
830	52	81	1
831	52	85	1
832	52	108	1
833	52	136	1
834	52	141	1
835	52	143	1
836	52	152	1
837	53	56	1
838	53	60	1
839	53	87	1
840	53	91	1
841	53	92	1
842	53	105	1
843	53	112	1
844	53	120	1
845	53	141	1
846	53	156	1
847	53	158	1
848	53	164	1
849	53	169	1
850	53	176	1
851	54	58	1
852	54	61	1
853	54	62	1
854	54	65	1
855	54	71	1
856	54	84	1
857	54	89	1
858	54	93	1
859	54	95	1
860	54	96	1
861	54	98	1
862	54	124	1
863	54	155	1
864	54	161	1
865	54	162	1
866	54	171	1
867	54	173	1
868	54	174	1
869	55	59	1
870	55	63	1
871	55	67	1
872	55	73	1
873	55	83	1
874	55	84	1
875	55	88	1
876	55	89	1
877	55	101	1
878	55	110	1
879	55	112	1
880	55	116	1
881	55	120	1
882	55	124	1
883	55	136	1
884	55	141	1
885	55	156	1
886	55	176	1
887	56	61	1
888	56	80	1
889	56	89	1
890	56	90	1
891	56	94	1
892	56	97	1
893	56	106	1
894	56	126	1
895	56	136	1
896	57	58	1
897	57	66	1
898	57	67	1
899	57	68	1
900	57	114	1
901	57	118	1
902	57	130	1
903	57	145	1
904	57	153	1
905	57	158	1
906	57	162	1
907	57	164	1
908	57	174	1
909	58	66	1
910	58	76	1
911	58	78	1
912	58	125	1
913	58	126	1
914	58	128	1
915	58	146	1
916	58	159	1
917	58	163	1
918	58	176	1
919	59	61	1
920	59	65	1
921	59	72	1
922	59	81	1
923	59	103	1
924	59	130	1
925	59	143	1
926	59	155	1
927	59	167	1
928	59	169	1
929	60	67	1
930	60	70	1
931	60	72	1
932	60	94	1
933	60	100	1
934	60	103	1
935	60	108	1
936	60	125	1
937	60	140	1
938	60	146	1
939	61	74	1
940	61	78	1
941	61	79	1
942	61	95	1
943	61	114	1
944	61	123	1
945	61	127	1
946	61	130	1
947	61	132	1
948	61	133	1
949	61	148	1
950	61	155	1
951	61	161	1
952	61	162	1
953	61	164	1
954	61	168	1
955	61	172	1
956	62	69	1
957	62	79	1
958	62	82	1
959	62	87	1
960	62	95	1
961	62	97	1
962	62	112	1
963	62	115	1
964	62	120	1
965	62	133	1
966	62	152	1
967	62	159	1
968	62	160	1
969	62	170	1
970	63	78	1
971	63	80	1
972	63	88	1
973	63	90	1
974	63	93	1
975	63	94	1
976	63	98	1
977	63	102	1
978	63	125	1
979	63	149	1
980	63	155	1
981	63	179	1
982	64	71	1
983	64	83	1
984	64	87	1
985	64	97	1
986	64	99	1
987	64	102	1
988	64	112	1
989	64	116	1
990	64	122	1
991	64	129	1
992	64	156	1
993	64	157	1
994	65	72	1
995	65	76	1
996	65	80	1
997	65	89	1
998	65	98	1
999	65	102	1
1000	65	113	1
1001	65	131	1
1002	65	141	1
1003	65	168	1
1004	65	176	1
1005	66	100	1
1006	66	106	1
1007	66	110	1
1008	66	150	1
1009	66	165	1
1010	66	167	1
1011	67	69	1
1012	67	74	1
1013	67	75	1
1014	67	76	1
1015	67	108	1
1016	67	110	1
1017	67	124	1
1018	67	126	1
1019	67	132	1
1020	67	143	1
1021	67	150	1
1022	67	153	1
1023	67	156	1
1024	67	158	1
1025	67	162	1
1026	67	167	1
1027	67	171	1
1028	67	173	1
1029	68	69	1
1030	68	113	1
1031	68	129	1
1032	68	133	1
1033	68	148	1
1034	68	158	1
1035	68	166	1
1036	68	169	1
1037	69	73	1
1038	69	74	1
1039	69	88	1
1040	69	92	1
1041	69	94	1
1042	69	107	1
1043	69	109	1
1044	69	122	1
1045	69	133	1
1046	69	149	1
1047	69	151	1
1048	69	166	1
1049	69	168	1
1050	69	176	1
1051	70	94	1
1052	70	100	1
1053	70	111	1
1054	70	119	1
1055	70	123	1
1056	70	126	1
1057	70	132	1
1058	70	142	1
1059	70	147	1
1060	70	150	1
1061	70	158	1
1062	70	173	1
1063	70	178	1
1064	70	179	1
1065	71	76	1
1066	71	77	1
1067	71	81	1
1068	71	85	1
1069	71	88	1
1070	71	92	1
1071	71	105	1
1072	71	113	1
1073	71	146	1
1074	71	158	1
1075	71	160	1
1076	71	163	1
1077	71	169	1
1078	71	178	1
1079	72	73	1
1080	72	77	1
1081	72	81	1
1082	72	86	1
1083	72	116	1
1084	72	135	1
1085	72	164	1
1086	73	83	1
1087	73	109	1
1088	73	119	1
1089	73	128	1
1090	73	142	1
1091	73	146	1
1092	73	148	1
1093	73	154	1
1094	73	157	1
1095	73	159	1
1096	73	171	1
1097	73	172	1
1098	73	177	1
1099	74	75	1
1100	74	82	1
1101	74	87	1
1102	74	105	1
1103	74	106	1
1104	74	128	1
1105	74	131	1
1106	74	137	1
1107	74	144	1
1108	74	146	1
1109	75	87	1
1110	75	107	1
1111	75	115	1
1112	75	124	1
1113	75	150	1
1114	75	153	1
1115	75	158	1
1116	75	160	1
1117	75	163	1
1118	75	167	1
1119	75	170	1
1120	75	174	1
1121	76	83	1
1122	76	108	1
1123	76	110	1
1124	76	112	1
1125	76	131	1
1126	76	135	1
1127	76	140	1
1128	76	141	1
1129	76	145	1
1130	76	146	1
1131	76	147	1
1132	76	176	1
1133	77	85	1
1134	77	88	1
1135	77	89	1
1136	77	90	1
1137	77	91	1
1138	77	93	1
1139	77	99	1
1140	77	130	1
1141	77	139	1
1142	77	146	1
1143	77	147	1
1144	77	156	1
1145	77	158	1
1146	77	164	1
1147	77	168	1
1148	77	171	1
1149	77	179	1
1150	78	99	1
1151	78	107	1
1152	78	112	1
1153	78	122	1
1154	78	130	1
1155	78	137	1
1156	78	139	1
1157	78	148	1
1158	78	169	1
1159	79	94	1
1160	79	133	1
1161	79	145	1
1162	80	83	1
1163	80	85	1
1164	80	93	1
1165	80	110	1
1166	80	116	1
1167	80	121	1
1168	80	124	1
1169	80	143	1
1170	80	151	1
1171	80	154	1
1172	80	170	1
1173	81	93	1
1174	81	117	1
1175	81	131	1
1176	81	141	1
1177	81	146	1
1178	81	154	1
1179	81	156	1
1180	81	176	1
1181	82	83	1
1182	82	94	1
1183	82	99	1
1184	82	108	1
1185	82	115	1
1186	82	161	1
1187	82	162	1
1188	82	165	1
1189	82	173	1
1190	83	86	1
1191	83	87	1
1192	83	96	1
1193	83	105	1
1194	83	106	1
1195	83	108	1
1196	83	120	1
1197	83	121	1
1198	83	129	1
1199	83	131	1
1200	83	132	1
1201	83	147	1
1202	83	153	1
1203	83	157	1
1204	83	172	1
1205	83	175	1
1206	84	85	1
1207	84	89	1
1208	84	95	1
1209	84	97	1
1210	84	103	1
1211	84	108	1
1212	84	112	1
1213	84	121	1
1214	84	137	1
1215	84	144	1
1216	84	148	1
1217	84	154	1
1218	85	105	1
1219	85	106	1
1220	85	114	1
1221	85	117	1
1222	85	126	1
1223	85	143	1
1224	85	156	1
1225	85	176	1
1226	86	88	1
1227	86	108	1
1228	86	115	1
1229	86	127	1
1230	86	144	1
1231	86	146	1
1232	86	154	1
1233	86	155	1
1234	86	166	1
1235	86	168	1
1236	87	101	1
1237	87	103	1
1238	87	110	1
1239	87	114	1
1240	87	130	1
1241	87	140	1
1242	87	144	1
1243	87	146	1
1244	87	163	1
1245	87	164	1
1246	87	174	1
1247	88	102	1
1248	88	117	1
1249	88	124	1
1250	88	127	1
1251	88	128	1
1252	88	132	1
1253	88	137	1
1254	88	140	1
1255	88	162	1
1256	88	166	1
1257	89	98	1
1258	89	100	1
1259	89	103	1
1260	89	104	1
1261	89	109	1
1262	89	120	1
1263	89	124	1
1264	89	145	1
1265	89	155	1
1266	89	167	1
1267	89	171	1
1268	90	102	1
1269	90	117	1
1270	90	118	1
1271	90	130	1
1272	90	138	1
1273	90	140	1
1274	91	116	1
1275	91	122	1
1276	91	132	1
1277	91	142	1
1278	91	151	1
1279	91	166	1
1280	91	179	1
1281	92	99	1
1282	92	109	1
1283	92	115	1
1284	92	117	1
1285	92	131	1
1286	92	133	1
1287	92	137	1
1288	92	153	1
1289	92	158	1
1290	92	164	1
1291	92	165	1
1292	93	102	1
1293	93	110	1
1294	93	121	1
1295	93	141	1
1296	93	154	1
1297	93	157	1
1298	93	164	1
1299	94	95	1
1300	94	96	1
1301	94	103	1
1302	94	112	1
1303	94	137	1
1304	94	154	1
1305	94	156	1
1306	94	158	1
1307	94	174	1
1308	95	107	1
1309	95	112	1
1310	95	127	1
1311	95	132	1
1312	95	147	1
1313	95	170	1
1314	95	173	1
1315	96	116	1
1316	96	118	1
1317	96	119	1
1318	96	121	1
1319	96	129	1
1320	96	145	1
1321	96	154	1
1322	96	159	1
1323	96	162	1
1324	96	163	1
1325	97	98	1
1326	97	101	1
1327	97	111	1
1328	97	118	1
1329	97	122	1
1330	97	123	1
1331	97	130	1
1332	97	131	1
1333	97	140	1
1334	97	159	1
1335	97	171	1
1336	98	104	1
1337	98	110	1
1338	98	114	1
1339	98	129	1
1340	98	131	1
1341	98	139	1
1342	98	149	1
1343	98	152	1
1344	98	163	1
1345	98	174	1
1346	98	175	1
1347	99	109	1
1348	99	138	1
1349	99	141	1
1350	99	155	1
1351	99	159	1
1352	99	167	1
1353	99	178	1
1354	99	179	1
1355	100	105	1
1356	100	109	1
1357	100	118	1
1358	100	123	1
1359	100	135	1
1360	100	164	1
1361	100	165	1
1362	100	178	1
1363	101	129	1
1364	101	169	1
1365	101	173	1
1366	102	103	1
1367	102	116	1
1368	102	156	1
1369	102	161	1
1370	102	177	1
1371	103	106	1
1372	103	119	1
1373	103	142	1
1374	103	144	1
1375	103	146	1
1376	103	154	1
1377	103	155	1
1378	103	175	1
1379	104	105	1
1380	104	109	1
1381	104	117	1
1382	104	125	1
1383	104	129	1
1384	104	141	1
1385	104	156	1
1386	104	162	1
1387	104	167	1
1388	104	177	1
1389	105	110	1
1390	105	116	1
1391	105	117	1
1392	105	123	1
1393	105	126	1
1394	105	134	1
1395	105	139	1
1396	105	148	1
1397	105	160	1
1398	105	168	1
1399	105	173	1
1400	105	178	1
1401	106	116	1
1402	106	148	1
1403	106	151	1
1404	106	157	1
1405	106	169	1
1406	107	108	1
1407	107	113	1
1408	107	118	1
1409	107	123	1
1410	107	125	1
1411	107	146	1
1412	107	150	1
1413	107	172	1
1414	107	173	1
1415	107	177	1
1416	108	121	1
1417	108	133	1
1418	108	134	1
1419	108	148	1
1420	108	164	1
1421	108	171	1
1422	109	128	1
1423	109	131	1
1424	109	151	1
1425	109	154	1
1426	110	123	1
1427	110	131	1
1428	110	139	1
1429	111	120	1
1430	111	121	1
1431	111	138	1
1432	111	143	1
1433	111	164	1
1434	111	179	1
1435	112	115	1
1436	112	125	1
1437	112	130	1
1438	112	138	1
1439	112	139	1
1440	112	178	1
1441	113	120	1
1442	113	125	1
1443	113	143	1
1444	113	153	1
1445	113	154	1
1446	113	158	1
1447	113	165	1
1448	113	168	1
1449	113	169	1
1450	113	175	1
1451	114	120	1
1452	114	124	1
1453	114	134	1
1454	114	140	1
1455	114	172	1
1456	115	116	1
1457	115	117	1
1458	115	118	1
1459	115	123	1
1460	115	162	1
1461	115	166	1
1462	115	173	1
1463	116	134	1
1464	116	143	1
1465	116	146	1
1466	116	152	1
1467	116	166	1
1468	116	167	1
1469	116	173	1
1470	116	178	1
1471	117	120	1
1472	117	132	1
1473	117	147	1
1474	117	167	1
1475	117	171	1
1476	117	174	1
1477	117	175	1
1478	118	132	1
1479	118	168	1
1480	118	178	1
1481	119	129	1
1482	119	130	1
1483	119	155	1
1484	119	169	1
1485	119	170	1
1486	119	171	1
1487	119	174	1
1488	119	175	1
1489	120	122	1
1490	120	134	1
1491	120	155	1
1492	120	177	1
1493	121	125	1
1494	121	129	1
1495	121	136	1
1496	121	137	1
1497	121	144	1
1498	121	171	1
1499	122	141	1
1500	122	152	1
1501	122	162	1
1502	122	167	1
1503	122	179	1
1504	123	129	1
1505	123	167	1
1506	124	130	1
1507	124	136	1
1508	124	140	1
1509	124	147	1
1510	124	149	1
1511	124	154	1
1512	124	169	1
1513	124	174	1
1514	125	131	1
1515	125	139	1
1516	125	143	1
1517	125	154	1
1518	125	159	1
1519	125	167	1
1520	125	178	1
1521	126	148	1
1522	126	159	1
1523	126	174	1
1524	126	178	1
1525	127	128	1
1526	127	134	1
1527	127	148	1
1528	127	158	1
1529	127	160	1
1530	127	165	1
1531	127	176	1
1532	128	155	1
1533	128	160	1
1534	128	164	1
1535	128	169	1
1536	129	144	1
1537	129	147	1
1538	129	155	1
1539	129	168	1
1540	129	174	1
1541	130	143	1
1542	130	149	1
1543	130	154	1
1544	131	137	1
1545	131	138	1
1546	131	143	1
1547	131	157	1
1548	131	170	1
1549	131	171	1
1550	132	145	1
1551	132	146	1
1552	132	152	1
1553	132	155	1
1554	132	163	1
1555	132	165	1
1556	132	171	1
1557	133	155	1
1558	133	157	1
1559	133	167	1
1560	133	171	1
1561	134	153	1
1562	134	155	1
1563	134	162	1
1564	134	176	1
1565	134	179	1
1566	135	148	1
1567	135	153	1
1568	135	159	1
1569	135	162	1
1570	135	165	1
1571	135	167	1
1572	136	145	1
1573	136	162	1
1574	136	170	1
1575	136	174	1
1576	136	175	1
1577	137	151	1
1578	137	160	1
1579	137	173	1
1580	137	176	1
1581	138	162	1
1582	139	142	1
1583	139	159	1
1584	140	145	1
1585	140	148	1
1586	140	164	1
1587	140	165	1
1588	140	178	1
1589	141	148	1
1590	141	157	1
1591	141	160	1
1592	142	144	1
1593	142	155	1
1594	142	168	1
1595	143	145	1
1596	143	152	1
1597	143	162	1
1598	143	164	1
1599	143	166	1
1600	143	171	1
1601	143	174	1
1602	143	176	1
1603	144	154	1
1604	144	159	1
1605	144	164	1
1606	144	167	1
1607	144	175	1
1608	144	176	1
1609	145	161	1
1610	146	161	1
1611	146	167	1
1612	146	170	1
1613	147	158	1
1614	147	165	1
1615	147	178	1
1616	148	166	1
1617	149	152	1
1618	149	165	1
1619	149	168	1
1620	150	153	1
1621	150	164	1
1622	150	166	1
1623	151	158	1
1624	151	175	1
1625	151	179	1
1626	152	165	1
1627	152	175	1
1628	153	156	1
1629	153	165	1
1630	153	169	1
1631	154	156	1
1632	154	161	1
1633	154	173	1
1634	155	167	1
1635	156	158	1
1636	156	178	1
1637	157	170	1
1638	158	165	1
1639	158	172	1
1640	159	174	1
1641	160	174	1
1642	161	164	1
1643	161	171	1
1644	162	168	1
1645	163	164	1
1646	163	165	1
1647	164	175	1
1648	164	176	1
1649	167	169	1
1650	167	170	1
1651	167	176	1
1652	168	170	1
1653	170	172	1
1654	170	177	1
1655	170	179	1
1656	171	177	1
1657	171	178	1
1658	172	175	1
1659	172	177	1
1660	174	175	1
1661	175	177	1
1662	176	178	1
1663	176	179	1
