Link_index	Source	Destination	Capacity(kbps)
0	0	36	1
1	0	90	1
2	0	104	1
3	0	125	1
4	1	2	1
5	1	10	1
6	1	23	1
7	1	30	1
8	1	126	1
9	1	144	1
10	1	148	1
11	2	5	1
12	2	20	1
13	2	52	1
14	2	63	1
15	2	113	1
16	2	128	1
17	2	133	1
18	2	135	1
19	3	31	1
20	3	77	1
21	3	108	1
22	3	125	1
23	3	126	1
24	4	5	1
25	4	50	1
26	4	100	1
27	4	133	1
28	4	144	1
29	4	145	1
30	5	21	1
31	5	51	1
32	5	56	1
33	5	57	1
34	5	155	1
35	6	9	1
36	6	62	1
37	6	63	1
38	6	82	1
39	6	115	1
40	6	123	1
41	6	125	1
42	6	128	1
43	7	28	1
44	7	29	1
45	7	32	1
46	7	34	1
47	7	43	1
48	7	46	1
49	7	51	1
50	7	54	1
51	7	63	1
52	7	72	1
53	7	110	1
54	8	18	1
55	8	37	1
56	8	66	1
57	8	82	1
58	8	86	1
59	8	98	1
60	8	126	1
61	8	141	1
62	8	142	1
63	9	22	1
64	9	28	1
65	9	86	1
66	9	108	1
67	9	120	1
68	9	133	1
69	9	153	1
70	9	157	1
71	10	26	1
72	10	41	1
73	10	91	1
74	10	125	1
75	10	126	1
76	10	140	1
77	10	141	1
78	10	152	1
79	11	32	1
80	11	84	1
81	11	92	1
82	11	98	1
83	12	40	1
84	12	48	1
85	12	63	1
86	12	77	1
87	12	82	1
88	12	111	1
89	12	130	1
90	13	32	1
91	13	44	1
92	13	74	1
93	13	81	1
94	13	105	1
95	13	125	1
96	14	40	1
97	14	67	1
98	14	92	1
99	14	98	1
100	14	102	1
101	14	109	1
102	15	34	1
103	15	53	1
104	15	67	1
105	15	82	1
106	15	111	1
107	15	125	1
108	16	27	1
109	16	33	1
110	16	58	1
111	16	64	1
112	16	65	1
113	16	68	1
114	16	69	1
115	16	81	1
116	16	104	1
117	16	135	1
118	16	153	1
119	17	23	1
120	17	40	1
121	17	44	1
122	17	55	1
123	17	56	1
124	17	65	1
125	17	116	1
126	17	134	1
127	18	49	1
128	18	68	1
129	18	75	1
130	18	129	1
131	19	78	1
132	19	87	1
133	19	104	1
134	19	123	1
135	20	84	1
136	21	31	1
137	21	35	1
138	21	40	1
139	21	42	1
140	21	60	1
141	21	78	1
142	21	93	1
143	21	103	1
144	21	128	1
145	21	143	1
146	21	145	1
147	22	43	1
148	22	56	1
149	22	66	1
150	22	67	1
151	22	86	1
152	22	94	1
153	22	119	1
154	22	137	1
155	22	144	1
156	22	146	1
157	22	150	1
158	22	153	1
159	23	24	1
160	23	30	1
161	23	109	1
162	23	118	1
163	23	130	1
164	23	134	1
165	23	141	1
166	23	145	1
167	24	48	1
168	24	53	1
169	24	60	1
170	24	70	1
171	24	94	1
172	24	119	1
173	24	149	1
174	25	27	1
175	25	29	1
176	25	33	1
177	25	36	1
178	25	38	1
179	25	42	1
180	25	51	1
181	25	58	1
182	25	67	1
183	25	69	1
184	25	82	1
185	25	88	1
186	25	91	1
187	25	97	1
188	25	133	1
189	25	146	1
190	26	32	1
191	26	90	1
192	26	104	1
193	26	108	1
194	26	110	1
195	26	120	1
196	26	126	1
197	26	134	1
198	26	145	1
199	27	30	1
200	27	108	1
201	27	126	1
202	27	129	1
203	27	150	1
204	28	31	1
205	28	37	1
206	28	42	1
207	28	71	1
208	28	75	1
209	28	105	1
210	28	151	1
211	29	44	1
212	29	47	1
213	29	104	1
214	29	155	1
215	29	156	1
216	30	32	1
217	30	45	1
218	30	57	1
219	30	109	1
220	30	110	1
221	30	133	1
222	30	148	1
223	30	150	1
224	30	157	1
225	30	159	1
226	31	36	1
227	31	94	1
228	31	97	1
229	31	101	1
230	31	113	1
231	31	155	1
232	32	55	1
233	32	60	1
234	32	79	1
235	32	95	1
236	32	107	1
237	32	147	1
238	33	61	1
239	33	83	1
240	33	119	1
241	33	129	1
242	33	146	1
243	34	43	1
244	34	77	1
245	34	86	1
246	34	99	1
247	34	137	1
248	35	43	1
249	35	46	1
250	35	57	1
251	35	62	1
252	35	113	1
253	35	146	1
254	36	53	1
255	36	57	1
256	36	91	1
257	36	124	1
258	37	42	1
259	37	93	1
260	37	102	1
261	37	134	1
262	37	154	1
263	38	56	1
264	38	74	1
265	38	90	1
266	38	121	1
267	38	132	1
268	38	156	1
269	39	79	1
270	39	81	1
271	39	93	1
272	39	110	1
273	39	125	1
274	40	47	1
275	40	61	1
276	40	62	1
277	40	71	1
278	40	84	1
279	40	137	1
280	41	48	1
281	41	51	1
282	41	53	1
283	41	70	1
284	41	73	1
285	41	76	1
286	41	147	1
287	42	56	1
288	42	61	1
289	42	121	1
290	42	134	1
291	42	136	1
292	42	142	1
293	42	156	1
294	42	157	1
295	43	48	1
296	43	50	1
297	43	56	1
298	43	63	1
299	43	107	1
300	43	122	1
301	43	131	1
302	44	54	1
303	44	93	1
304	44	97	1
305	44	102	1
306	44	124	1
307	44	132	1
308	44	153	1
309	45	51	1
310	45	75	1
311	45	92	1
312	45	101	1
313	45	115	1
314	45	116	1
315	45	147	1
316	45	155	1
317	46	47	1
318	46	54	1
319	46	126	1
320	46	128	1
321	47	60	1
322	47	62	1
323	47	65	1
324	47	104	1
325	47	105	1
326	47	108	1
327	47	115	1
328	47	122	1
329	47	134	1
330	47	137	1
331	47	145	1
332	47	151	1
333	48	50	1
334	48	55	1
335	48	65	1
336	48	70	1
337	48	105	1
338	48	127	1
339	48	135	1
340	49	50	1
341	49	58	1
342	49	60	1
343	49	66	1
344	49	90	1
345	49	97	1
346	49	110	1
347	49	143	1
348	50	57	1
349	50	62	1
350	50	92	1
351	50	120	1
352	50	136	1
353	50	149	1
354	51	87	1
355	51	116	1
356	51	117	1
357	52	53	1
358	52	81	1
359	52	83	1
360	52	110	1
361	52	140	1
362	52	147	1
363	52	157	1
364	53	84	1
365	53	115	1
366	53	119	1
367	53	123	1
368	53	157	1
369	53	158	1
370	54	78	1
371	54	83	1
372	54	128	1
373	55	56	1
374	55	63	1
375	55	70	1
376	55	76	1
377	55	82	1
378	55	92	1
379	55	127	1
380	55	128	1
381	55	145	1
382	55	148	1
383	55	154	1
384	56	82	1
385	56	115	1
386	56	118	1
387	56	137	1
388	57	66	1
389	57	79	1
390	57	82	1
391	57	100	1
392	57	118	1
393	58	62	1
394	58	83	1
395	58	100	1
396	58	101	1
397	58	126	1
398	58	127	1
399	58	138	1
400	58	146	1
401	58	147	1
402	59	125	1
403	60	79	1
404	60	92	1
405	60	109	1
406	60	124	1
407	60	127	1
408	60	131	1
409	60	134	1
410	60	139	1
411	61	68	1
412	61	85	1
413	61	94	1
414	61	95	1
415	61	138	1
416	61	140	1
417	62	108	1
418	62	120	1
419	62	144	1
420	62	148	1
421	63	101	1
422	64	71	1
423	64	104	1
424	64	137	1
425	64	150	1
426	65	78	1
427	65	81	1
428	65	94	1
429	66	71	1
430	66	85	1
431	66	94	1
432	66	101	1
433	66	128	1
434	66	148	1
435	67	74	1
436	67	99	1
437	67	106	1
438	67	124	1
439	67	125	1
440	68	90	1
441	68	123	1
442	68	140	1
443	68	147	1
444	69	73	1
445	70	129	1
446	70	137	1
447	70	158	1
448	71	123	1
449	71	151	1
450	72	78	1
451	72	110	1
452	72	114	1
453	72	123	1
454	72	128	1
455	72	140	1
456	72	142	1
457	72	150	1
458	72	159	1
459	73	78	1
460	73	106	1
461	73	112	1
462	73	122	1
463	73	126	1
464	73	130	1
465	73	158	1
466	74	79	1
467	74	87	1
468	74	99	1
469	74	125	1
470	74	132	1
471	75	78	1
472	75	92	1
473	75	117	1
474	75	134	1
475	76	107	1
476	76	133	1
477	76	141	1
478	77	91	1
479	77	147	1
480	77	155	1
481	78	105	1
482	78	116	1
483	78	124	1
484	78	154	1
485	78	157	1
486	79	107	1
487	79	129	1
488	80	152	1
489	81	100	1
490	81	127	1
491	81	135	1
492	81	149	1
493	81	157	1
494	82	103	1
495	82	106	1
496	82	117	1
497	82	126	1
498	82	132	1
499	82	137	1
500	83	95	1
501	83	97	1
502	83	115	1
503	84	94	1
504	84	126	1
505	84	130	1
506	84	132	1
507	84	135	1
508	84	153	1
509	85	103	1
510	85	106	1
511	85	116	1
512	85	125	1
513	85	145	1
514	85	148	1
515	85	154	1
516	86	92	1
517	86	104	1
518	86	107	1
519	86	110	1
520	87	113	1
521	88	96	1
522	88	99	1
523	88	123	1
524	88	127	1
525	88	135	1
526	89	100	1
527	89	146	1
528	89	154	1
529	90	152	1
530	90	153	1
531	91	94	1
532	91	96	1
533	91	98	1
534	91	146	1
535	92	94	1
536	92	97	1
537	92	141	1
538	92	148	1
539	92	157	1
540	93	105	1
541	93	111	1
542	93	146	1
543	93	152	1
544	93	159	1
545	94	102	1
546	94	108	1
547	94	136	1
548	94	155	1
549	95	105	1
550	95	146	1
551	95	152	1
552	96	150	1
553	97	138	1
554	97	153	1
555	98	122	1
556	98	125	1
557	98	143	1
558	98	145	1
559	99	120	1
560	99	131	1
561	99	139	1
562	99	158	1
563	100	112	1
564	100	118	1
565	100	134	1
566	100	141	1
567	101	110	1
568	101	120	1
569	101	154	1
570	102	133	1
571	102	146	1
572	102	156	1
573	103	153	1
574	103	159	1
575	104	157	1
576	105	145	1
577	106	135	1
578	106	143	1
579	106	153	1
580	107	116	1
581	107	125	1
582	107	139	1
583	107	141	1
584	108	140	1
585	109	123	1
586	109	135	1
587	110	138	1
588	110	139	1
589	110	155	1
590	111	120	1
591	111	139	1
592	111	144	1
593	111	151	1
594	112	114	1
595	113	119	1
596	113	123	1
597	113	148	1
598	115	126	1
599	116	137	1
600	116	152	1
601	117	126	1
602	117	156	1
603	118	120	1
604	120	127	1
605	121	128	1
606	122	127	1
607	122	129	1
608	122	155	1
609	124	128	1
610	124	142	1
611	124	144	1
612	124	145	1
613	125	142	1
614	126	133	1
615	127	129	1
616	127	132	1
617	127	139	1
618	127	140	1
619	127	141	1
620	128	130	1
621	128	156	1
622	129	135	1
623	129	152	1
624	130	138	1
625	130	148	1
626	131	141	1
627	131	147	1
628	132	151	1
629	133	139	1
630	133	142	1
631	134	153	1
632	135	150	1
633	136	154	1
634	137	145	1
635	138	153	1
636	139	148	1
637	139	152	1
638	139	154	1
639	140	141	1
640	142	143	1
641	142	152	1
642	145	147	1
643	145	151	1
644	145	157	1
645	145	158	1
646	146	149	1
647	147	157	1
648	149	152	1
649	155	158	1
