Link_index	Source	Destination	Capacity(kbps)
0	0	4	1
1	0	5	1
2	0	20	1
3	0	24	1
4	0	32	1
5	0	37	1
6	0	38	1
7	0	47	1
8	0	52	1
9	0	54	1
10	0	66	1
11	0	77	1
12	0	83	1
13	0	95	1
14	0	104	1
15	0	107	1
16	0	113	1
17	0	128	1
18	0	156	1
19	0	177	1
20	0	182	1
21	0	209	1
22	0	213	1
23	0	219	1
24	1	4	1
25	1	25	1
26	1	45	1
27	1	66	1
28	1	89	1
29	1	95	1
30	1	118	1
31	1	119	1
32	1	122	1
33	1	130	1
34	1	140	1
35	1	146	1
36	1	157	1
37	1	161	1
38	1	177	1
39	1	183	1
40	1	197	1
41	1	199	1
42	1	200	1
43	1	202	1
44	1	204	1
45	1	205	1
46	1	206	1
47	2	10	1
48	2	47	1
49	2	48	1
50	2	53	1
51	2	56	1
52	2	62	1
53	2	64	1
54	2	67	1
55	2	78	1
56	2	103	1
57	2	108	1
58	2	114	1
59	2	137	1
60	2	141	1
61	2	155	1
62	2	157	1
63	2	158	1
64	2	164	1
65	2	175	1
66	2	191	1
67	2	205	1
68	2	212	1
69	2	216	1
70	2	217	1
71	3	11	1
72	3	14	1
73	3	29	1
74	3	31	1
75	3	42	1
76	3	43	1
77	3	48	1
78	3	49	1
79	3	65	1
80	3	74	1
81	3	97	1
82	3	104	1
83	3	105	1
84	3	107	1
85	3	121	1
86	3	130	1
87	3	132	1
88	3	134	1
89	3	150	1
90	3	160	1
91	3	178	1
92	3	181	1
93	3	182	1
94	3	192	1
95	4	11	1
96	4	24	1
97	4	27	1
98	4	39	1
99	4	62	1
100	4	64	1
101	4	92	1
102	4	94	1
103	4	96	1
104	4	116	1
105	4	122	1
106	4	134	1
107	4	148	1
108	4	160	1
109	4	172	1
110	4	174	1
111	4	176	1
112	4	204	1
113	4	218	1
114	5	28	1
115	5	40	1
116	5	47	1
117	5	61	1
118	5	63	1
119	5	72	1
120	5	80	1
121	5	82	1
122	5	96	1
123	5	97	1
124	5	102	1
125	5	105	1
126	5	113	1
127	5	116	1
128	5	120	1
129	5	145	1
130	5	150	1
131	5	169	1
132	5	176	1
133	5	189	1
134	5	191	1
135	5	193	1
136	5	214	1
137	6	8	1
138	6	13	1
139	6	14	1
140	6	15	1
141	6	21	1
142	6	25	1
143	6	33	1
144	6	34	1
145	6	41	1
146	6	51	1
147	6	57	1
148	6	78	1
149	6	79	1
150	6	98	1
151	6	99	1
152	6	100	1
153	6	106	1
154	6	122	1
155	6	137	1
156	6	138	1
157	6	167	1
158	6	193	1
159	6	217	1
160	7	11	1
161	7	29	1
162	7	30	1
163	7	62	1
164	7	94	1
165	7	98	1
166	7	124	1
167	7	128	1
168	7	142	1
169	7	160	1
170	7	162	1
171	7	166	1
172	7	184	1
173	7	206	1
174	7	211	1
175	7	213	1
176	8	16	1
177	8	32	1
178	8	33	1
179	8	62	1
180	8	66	1
181	8	84	1
182	8	97	1
183	8	102	1
184	8	114	1
185	8	118	1
186	8	123	1
187	8	126	1
188	8	134	1
189	8	142	1
190	8	143	1
191	8	151	1
192	8	157	1
193	8	160	1
194	8	161	1
195	8	178	1
196	8	182	1
197	8	208	1
198	8	209	1
199	8	211	1
200	9	29	1
201	9	43	1
202	9	46	1
203	9	53	1
204	9	65	1
205	9	95	1
206	9	137	1
207	9	145	1
208	9	154	1
209	9	156	1
210	9	165	1
211	9	169	1
212	9	170	1
213	9	171	1
214	9	173	1
215	9	179	1
216	9	194	1
217	9	196	1
218	9	198	1
219	9	200	1
220	9	204	1
221	9	215	1
222	10	19	1
223	10	25	1
224	10	39	1
225	10	43	1
226	10	51	1
227	10	61	1
228	10	63	1
229	10	102	1
230	10	108	1
231	10	115	1
232	10	142	1
233	10	146	1
234	10	161	1
235	10	185	1
236	10	190	1
237	10	206	1
238	10	211	1
239	10	217	1
240	11	19	1
241	11	20	1
242	11	28	1
243	11	29	1
244	11	38	1
245	11	42	1
246	11	43	1
247	11	79	1
248	11	109	1
249	11	122	1
250	11	124	1
251	11	128	1
252	11	136	1
253	11	147	1
254	11	150	1
255	11	168	1
256	11	170	1
257	11	174	1
258	11	177	1
259	11	198	1
260	12	17	1
261	12	32	1
262	12	34	1
263	12	35	1
264	12	55	1
265	12	65	1
266	12	72	1
267	12	78	1
268	12	87	1
269	12	89	1
270	12	126	1
271	12	127	1
272	12	135	1
273	12	152	1
274	12	158	1
275	12	168	1
276	12	170	1
277	12	175	1
278	12	187	1
279	12	197	1
280	12	200	1
281	12	203	1
282	13	16	1
283	13	20	1
284	13	24	1
285	13	39	1
286	13	40	1
287	13	60	1
288	13	75	1
289	13	113	1
290	13	132	1
291	13	140	1
292	13	150	1
293	13	153	1
294	13	160	1
295	13	175	1
296	13	177	1
297	13	181	1
298	13	185	1
299	13	195	1
300	13	199	1
301	13	216	1
302	13	217	1
303	14	23	1
304	14	30	1
305	14	53	1
306	14	82	1
307	14	83	1
308	14	101	1
309	14	118	1
310	14	121	1
311	14	133	1
312	14	135	1
313	14	140	1
314	14	141	1
315	14	144	1
316	14	145	1
317	14	148	1
318	14	149	1
319	14	150	1
320	14	169	1
321	14	176	1
322	14	177	1
323	14	193	1
324	14	207	1
325	14	214	1
326	15	42	1
327	15	44	1
328	15	45	1
329	15	47	1
330	15	49	1
331	15	52	1
332	15	55	1
333	15	60	1
334	15	105	1
335	15	121	1
336	15	128	1
337	15	129	1
338	15	131	1
339	15	144	1
340	15	166	1
341	15	175	1
342	15	183	1
343	15	189	1
344	15	194	1
345	15	199	1
346	15	213	1
347	16	19	1
348	16	20	1
349	16	22	1
350	16	23	1
351	16	24	1
352	16	27	1
353	16	36	1
354	16	50	1
355	16	55	1
356	16	58	1
357	16	59	1
358	16	60	1
359	16	65	1
360	16	69	1
361	16	74	1
362	16	77	1
363	16	85	1
364	16	97	1
365	16	102	1
366	16	116	1
367	16	139	1
368	16	145	1
369	16	150	1
370	16	153	1
371	16	167	1
372	16	177	1
373	16	178	1
374	16	214	1
375	16	218	1
376	17	40	1
377	17	50	1
378	17	54	1
379	17	58	1
380	17	74	1
381	17	75	1
382	17	89	1
383	17	100	1
384	17	120	1
385	17	122	1
386	17	125	1
387	17	140	1
388	17	142	1
389	17	151	1
390	17	156	1
391	17	160	1
392	17	168	1
393	17	171	1
394	17	197	1
395	17	218	1
396	18	19	1
397	18	22	1
398	18	25	1
399	18	27	1
400	18	32	1
401	18	35	1
402	18	37	1
403	18	46	1
404	18	51	1
405	18	61	1
406	18	77	1
407	18	85	1
408	18	89	1
409	18	96	1
410	18	99	1
411	18	100	1
412	18	103	1
413	18	133	1
414	18	158	1
415	18	187	1
416	18	188	1
417	18	191	1
418	18	214	1
419	19	30	1
420	19	32	1
421	19	58	1
422	19	68	1
423	19	69	1
424	19	70	1
425	19	83	1
426	19	90	1
427	19	97	1
428	19	106	1
429	19	109	1
430	19	143	1
431	19	147	1
432	19	151	1
433	19	155	1
434	19	167	1
435	19	174	1
436	19	179	1
437	19	183	1
438	19	201	1
439	19	206	1
440	19	216	1
441	20	23	1
442	20	27	1
443	20	37	1
444	20	44	1
445	20	47	1
446	20	57	1
447	20	60	1
448	20	62	1
449	20	74	1
450	20	84	1
451	20	88	1
452	20	96	1
453	20	98	1
454	20	121	1
455	20	145	1
456	20	160	1
457	20	162	1
458	20	192	1
459	20	193	1
460	20	204	1
461	20	206	1
462	21	23	1
463	21	38	1
464	21	42	1
465	21	50	1
466	21	53	1
467	21	56	1
468	21	79	1
469	21	87	1
470	21	91	1
471	21	106	1
472	21	112	1
473	21	122	1
474	21	130	1
475	21	137	1
476	21	139	1
477	21	140	1
478	21	141	1
479	21	163	1
480	21	172	1
481	21	180	1
482	21	181	1
483	21	197	1
484	21	206	1
485	21	208	1
486	21	209	1
487	21	218	1
488	22	39	1
489	22	41	1
490	22	44	1
491	22	45	1
492	22	47	1
493	22	55	1
494	22	57	1
495	22	64	1
496	22	80	1
497	22	91	1
498	22	105	1
499	22	122	1
500	22	131	1
501	22	143	1
502	22	146	1
503	22	165	1
504	22	184	1
505	22	194	1
506	22	205	1
507	23	68	1
508	23	106	1
509	23	131	1
510	23	150	1
511	23	152	1
512	23	173	1
513	23	174	1
514	23	177	1
515	23	178	1
516	23	200	1
517	23	206	1
518	23	216	1
519	24	67	1
520	24	74	1
521	24	82	1
522	24	95	1
523	24	97	1
524	24	115	1
525	24	125	1
526	24	129	1
527	24	130	1
528	24	135	1
529	24	141	1
530	24	148	1
531	24	162	1
532	24	175	1
533	24	196	1
534	24	197	1
535	24	210	1
536	24	217	1
537	24	218	1
538	25	37	1
539	25	68	1
540	25	71	1
541	25	80	1
542	25	94	1
543	25	104	1
544	25	107	1
545	25	110	1
546	25	128	1
547	25	129	1
548	25	132	1
549	25	133	1
550	25	141	1
551	25	144	1
552	25	155	1
553	25	160	1
554	25	165	1
555	25	169	1
556	25	174	1
557	25	182	1
558	25	193	1
559	25	201	1
560	26	31	1
561	26	32	1
562	26	49	1
563	26	50	1
564	26	58	1
565	26	68	1
566	26	97	1
567	26	131	1
568	26	136	1
569	26	139	1
570	26	141	1
571	26	142	1
572	26	146	1
573	26	153	1
574	26	171	1
575	26	192	1
576	26	194	1
577	26	196	1
578	26	197	1
579	26	199	1
580	26	201	1
581	26	210	1
582	27	40	1
583	27	60	1
584	27	63	1
585	27	67	1
586	27	74	1
587	27	75	1
588	27	83	1
589	27	86	1
590	27	96	1
591	27	103	1
592	27	108	1
593	27	114	1
594	27	125	1
595	27	134	1
596	27	152	1
597	27	156	1
598	27	162	1
599	27	164	1
600	27	170	1
601	27	175	1
602	27	183	1
603	27	186	1
604	27	189	1
605	27	199	1
606	27	211	1
607	28	37	1
608	28	40	1
609	28	43	1
610	28	52	1
611	28	54	1
612	28	61	1
613	28	63	1
614	28	68	1
615	28	103	1
616	28	109	1
617	28	118	1
618	28	119	1
619	28	128	1
620	28	135	1
621	28	144	1
622	28	152	1
623	28	155	1
624	28	157	1
625	28	158	1
626	28	164	1
627	28	170	1
628	28	171	1
629	28	177	1
630	28	208	1
631	29	69	1
632	29	71	1
633	29	99	1
634	29	100	1
635	29	106	1
636	29	140	1
637	29	156	1
638	29	169	1
639	29	172	1
640	29	174	1
641	29	181	1
642	29	199	1
643	29	205	1
644	29	217	1
645	30	31	1
646	30	50	1
647	30	56	1
648	30	59	1
649	30	60	1
650	30	61	1
651	30	86	1
652	30	100	1
653	30	105	1
654	30	106	1
655	30	113	1
656	30	119	1
657	30	145	1
658	30	161	1
659	30	165	1
660	30	171	1
661	30	178	1
662	30	182	1
663	30	185	1
664	30	193	1
665	30	201	1
666	31	38	1
667	31	42	1
668	31	45	1
669	31	49	1
670	31	59	1
671	31	61	1
672	31	66	1
673	31	83	1
674	31	86	1
675	31	90	1
676	31	93	1
677	31	99	1
678	31	100	1
679	31	109	1
680	31	114	1
681	31	116	1
682	31	122	1
683	31	158	1
684	31	170	1
685	31	184	1
686	31	186	1
687	31	190	1
688	31	191	1
689	31	207	1
690	31	218	1
691	32	40	1
692	32	42	1
693	32	43	1
694	32	56	1
695	32	68	1
696	32	71	1
697	32	86	1
698	32	94	1
699	32	97	1
700	32	111	1
701	32	114	1
702	32	131	1
703	32	148	1
704	32	159	1
705	32	166	1
706	32	168	1
707	32	170	1
708	32	196	1
709	32	200	1
710	32	216	1
711	33	41	1
712	33	57	1
713	33	59	1
714	33	61	1
715	33	62	1
716	33	68	1
717	33	72	1
718	33	86	1
719	33	93	1
720	33	95	1
721	33	118	1
722	33	125	1
723	33	127	1
724	33	131	1
725	33	152	1
726	33	162	1
727	33	170	1
728	33	176	1
729	33	203	1
730	33	204	1
731	33	207	1
732	33	214	1
733	34	45	1
734	34	49	1
735	34	53	1
736	34	90	1
737	34	111	1
738	34	132	1
739	34	141	1
740	34	159	1
741	34	164	1
742	34	171	1
743	34	212	1
744	34	215	1
745	34	219	1
746	35	47	1
747	35	52	1
748	35	62	1
749	35	69	1
750	35	70	1
751	35	74	1
752	35	76	1
753	35	78	1
754	35	88	1
755	35	90	1
756	35	91	1
757	35	97	1
758	35	120	1
759	35	150	1
760	35	176	1
761	35	183	1
762	35	187	1
763	35	194	1
764	35	198	1
765	36	47	1
766	36	50	1
767	36	51	1
768	36	57	1
769	36	58	1
770	36	108	1
771	36	109	1
772	36	110	1
773	36	129	1
774	36	130	1
775	36	139	1
776	36	145	1
777	36	146	1
778	36	148	1
779	36	149	1
780	36	158	1
781	36	165	1
782	36	166	1
783	36	167	1
784	36	210	1
785	36	211	1
786	37	40	1
787	37	50	1
788	37	53	1
789	37	59	1
790	37	78	1
791	37	79	1
792	37	87	1
793	37	124	1
794	37	126	1
795	37	151	1
796	37	166	1
797	37	168	1
798	37	169	1
799	37	197	1
800	37	200	1
801	37	209	1
802	38	51	1
803	38	66	1
804	38	83	1
805	38	86	1
806	38	91	1
807	38	97	1
808	38	110	1
809	38	111	1
810	38	123	1
811	38	125	1
812	38	130	1
813	38	148	1
814	38	157	1
815	38	165	1
816	38	203	1
817	39	46	1
818	39	48	1
819	39	50	1
820	39	73	1
821	39	75	1
822	39	76	1
823	39	90	1
824	39	91	1
825	39	93	1
826	39	111	1
827	39	114	1
828	39	116	1
829	39	128	1
830	39	137	1
831	39	143	1
832	39	148	1
833	39	155	1
834	39	174	1
835	39	183	1
836	39	194	1
837	39	196	1
838	39	209	1
839	40	57	1
840	40	61	1
841	40	66	1
842	40	96	1
843	40	99	1
844	40	107	1
845	40	109	1
846	40	115	1
847	40	116	1
848	40	122	1
849	40	126	1
850	40	133	1
851	40	144	1
852	40	145	1
853	40	151	1
854	40	160	1
855	40	174	1
856	40	187	1
857	40	200	1
858	40	211	1
859	41	49	1
860	41	53	1
861	41	59	1
862	41	73	1
863	41	88	1
864	41	94	1
865	41	105	1
866	41	119	1
867	41	125	1
868	41	127	1
869	41	133	1
870	41	138	1
871	41	172	1
872	41	185	1
873	41	186	1
874	41	196	1
875	41	197	1
876	41	198	1
877	41	200	1
878	41	207	1
879	42	44	1
880	42	63	1
881	42	70	1
882	42	75	1
883	42	79	1
884	42	115	1
885	42	120	1
886	42	148	1
887	42	149	1
888	42	151	1
889	42	159	1
890	42	161	1
891	42	183	1
892	42	186	1
893	42	192	1
894	42	202	1
895	42	206	1
896	42	212	1
897	42	217	1
898	43	48	1
899	43	61	1
900	43	68	1
901	43	71	1
902	43	74	1
903	43	76	1
904	43	115	1
905	43	133	1
906	43	156	1
907	43	187	1
908	43	205	1
909	43	209	1
910	43	210	1
911	43	216	1
912	44	50	1
913	44	57	1
914	44	82	1
915	44	95	1
916	44	97	1
917	44	116	1
918	44	121	1
919	44	150	1
920	44	152	1
921	44	153	1
922	44	164	1
923	44	170	1
924	44	176	1
925	44	196	1
926	44	203	1
927	44	206	1
928	44	214	1
929	45	58	1
930	45	61	1
931	45	67	1
932	45	68	1
933	45	90	1
934	45	96	1
935	45	107	1
936	45	111	1
937	45	123	1
938	45	128	1
939	45	129	1
940	45	134	1
941	45	141	1
942	45	147	1
943	45	162	1
944	45	164	1
945	45	166	1
946	45	190	1
947	45	192	1
948	45	202	1
949	45	205	1
950	45	207	1
951	46	56	1
952	46	60	1
953	46	63	1
954	46	72	1
955	46	73	1
956	46	84	1
957	46	86	1
958	46	91	1
959	46	116	1
960	46	117	1
961	46	129	1
962	46	138	1
963	46	139	1
964	46	167	1
965	46	177	1
966	46	189	1
967	46	190	1
968	46	196	1
969	46	210	1
970	47	51	1
971	47	61	1
972	47	63	1
973	47	84	1
974	47	90	1
975	47	92	1
976	47	96	1
977	47	112	1
978	47	119	1
979	47	120	1
980	47	121	1
981	47	154	1
982	47	166	1
983	47	197	1
984	47	203	1
985	47	209	1
986	48	53	1
987	48	57	1
988	48	59	1
989	48	67	1
990	48	85	1
991	48	125	1
992	48	139	1
993	48	147	1
994	48	149	1
995	48	162	1
996	48	164	1
997	48	177	1
998	48	188	1
999	48	210	1
1000	49	54	1
1001	49	56	1
1002	49	66	1
1003	49	71	1
1004	49	72	1
1005	49	73	1
1006	49	78	1
1007	49	88	1
1008	49	89	1
1009	49	95	1
1010	49	96	1
1011	49	106	1
1012	49	118	1
1013	49	127	1
1014	49	134	1
1015	49	144	1
1016	49	156	1
1017	49	162	1
1018	49	165	1
1019	49	168	1
1020	49	182	1
1021	49	189	1
1022	49	198	1
1023	49	199	1
1024	49	207	1
1025	49	209	1
1026	49	216	1
1027	50	52	1
1028	50	64	1
1029	50	66	1
1030	50	78	1
1031	50	83	1
1032	50	93	1
1033	50	129	1
1034	50	147	1
1035	50	149	1
1036	50	153	1
1037	50	157	1
1038	50	164	1
1039	50	171	1
1040	50	173	1
1041	50	201	1
1042	50	215	1
1043	51	52	1
1044	51	60	1
1045	51	76	1
1046	51	89	1
1047	51	90	1
1048	51	92	1
1049	51	100	1
1050	51	102	1
1051	51	104	1
1052	51	139	1
1053	51	143	1
1054	51	152	1
1055	51	167	1
1056	51	175	1
1057	51	193	1
1058	51	195	1
1059	51	214	1
1060	51	219	1
1061	52	57	1
1062	52	76	1
1063	52	90	1
1064	52	94	1
1065	52	101	1
1066	52	109	1
1067	52	117	1
1068	52	122	1
1069	52	131	1
1070	52	135	1
1071	52	148	1
1072	52	176	1
1073	52	193	1
1074	52	195	1
1075	52	202	1
1076	52	214	1
1077	53	55	1
1078	53	58	1
1079	53	90	1
1080	53	91	1
1081	53	111	1
1082	53	112	1
1083	53	116	1
1084	53	128	1
1085	53	132	1
1086	53	154	1
1087	53	161	1
1088	53	191	1
1089	53	197	1
1090	53	198	1
1091	53	215	1
1092	54	65	1
1093	54	77	1
1094	54	84	1
1095	54	91	1
1096	54	93	1
1097	54	100	1
1098	54	102	1
1099	54	103	1
1100	54	113	1
1101	54	130	1
1102	54	141	1
1103	54	143	1
1104	54	151	1
1105	54	153	1
1106	54	157	1
1107	54	163	1
1108	54	184	1
1109	54	201	1
1110	54	217	1
1111	54	218	1
1112	55	64	1
1113	55	70	1
1114	55	82	1
1115	55	102	1
1116	55	111	1
1117	55	122	1
1118	55	124	1
1119	55	169	1
1120	55	189	1
1121	55	191	1
1122	55	203	1
1123	55	217	1
1124	56	63	1
1125	56	68	1
1126	56	79	1
1127	56	80	1
1128	56	98	1
1129	56	105	1
1130	56	131	1
1131	56	163	1
1132	56	168	1
1133	56	183	1
1134	56	184	1
1135	56	192	1
1136	56	195	1
1137	56	206	1
1138	57	63	1
1139	57	64	1
1140	57	82	1
1141	57	92	1
1142	57	97	1
1143	57	117	1
1144	57	146	1
1145	57	148	1
1146	57	153	1
1147	57	155	1
1148	57	166	1
1149	57	184	1
1150	57	203	1
1151	57	206	1
1152	58	87	1
1153	58	88	1
1154	58	95	1
1155	58	103	1
1156	58	108	1
1157	58	119	1
1158	58	124	1
1159	58	142	1
1160	58	147	1
1161	58	150	1
1162	58	163	1
1163	58	169	1
1164	58	172	1
1165	58	187	1
1166	58	188	1
1167	58	196	1
1168	58	203	1
1169	58	207	1
1170	58	209	1
1171	59	62	1
1172	59	111	1
1173	59	115	1
1174	59	117	1
1175	59	129	1
1176	59	148	1
1177	59	155	1
1178	59	170	1
1179	59	195	1
1180	59	201	1
1181	59	217	1
1182	60	67	1
1183	60	70	1
1184	60	72	1
1185	60	100	1
1186	60	146	1
1187	60	155	1
1188	60	157	1
1189	60	169	1
1190	60	196	1
1191	60	210	1
1192	60	213	1
1193	60	216	1
1194	60	217	1
1195	60	218	1
1196	60	219	1
1197	61	85	1
1198	61	98	1
1199	61	102	1
1200	61	110	1
1201	61	113	1
1202	61	115	1
1203	61	122	1
1204	61	129	1
1205	61	132	1
1206	61	136	1
1207	61	137	1
1208	61	144	1
1209	61	159	1
1210	61	182	1
1211	61	188	1
1212	61	192	1
1213	61	194	1
1214	61	195	1
1215	61	210	1
1216	62	68	1
1217	62	74	1
1218	62	90	1
1219	62	98	1
1220	62	117	1
1221	62	119	1
1222	62	132	1
1223	62	164	1
1224	62	174	1
1225	62	176	1
1226	62	191	1
1227	62	196	1
1228	62	200	1
1229	62	204	1
1230	62	206	1
1231	62	211	1
1232	63	71	1
1233	63	72	1
1234	63	73	1
1235	63	86	1
1236	63	91	1
1237	63	111	1
1238	63	112	1
1239	63	122	1
1240	63	132	1
1241	63	154	1
1242	63	165	1
1243	63	173	1
1244	63	187	1
1245	63	192	1
1246	63	199	1
1247	63	202	1
1248	63	218	1
1249	64	66	1
1250	64	68	1
1251	64	74	1
1252	64	87	1
1253	64	92	1
1254	64	112	1
1255	64	132	1
1256	64	136	1
1257	64	141	1
1258	64	147	1
1259	64	163	1
1260	64	168	1
1261	64	189	1
1262	64	190	1
1263	64	194	1
1264	64	203	1
1265	65	73	1
1266	65	75	1
1267	65	78	1
1268	65	93	1
1269	65	112	1
1270	65	116	1
1271	65	120	1
1272	65	127	1
1273	65	131	1
1274	65	135	1
1275	65	150	1
1276	65	157	1
1277	65	166	1
1278	65	171	1
1279	65	173	1
1280	65	174	1
1281	65	175	1
1282	65	177	1
1283	65	187	1
1284	65	192	1
1285	65	202	1
1286	65	218	1
1287	66	80	1
1288	66	87	1
1289	66	88	1
1290	66	91	1
1291	66	94	1
1292	66	105	1
1293	66	111	1
1294	66	130	1
1295	66	154	1
1296	66	159	1
1297	66	169	1
1298	66	170	1
1299	66	190	1
1300	66	199	1
1301	66	202	1
1302	66	211	1
1303	66	218	1
1304	66	219	1
1305	67	88	1
1306	67	99	1
1307	67	105	1
1308	67	110	1
1309	67	111	1
1310	67	131	1
1311	67	133	1
1312	67	143	1
1313	67	144	1
1314	67	147	1
1315	67	150	1
1316	67	159	1
1317	67	161	1
1318	67	162	1
1319	67	175	1
1320	67	177	1
1321	67	182	1
1322	67	187	1
1323	67	207	1
1324	67	209	1
1325	67	217	1
1326	68	70	1
1327	68	72	1
1328	68	73	1
1329	68	86	1
1330	68	113	1
1331	68	115	1
1332	68	121	1
1333	68	123	1
1334	68	134	1
1335	68	135	1
1336	68	142	1
1337	68	183	1
1338	68	188	1
1339	68	197	1
1340	68	210	1
1341	68	211	1
1342	68	216	1
1343	69	74	1
1344	69	75	1
1345	69	79	1
1346	69	114	1
1347	69	142	1
1348	69	143	1
1349	69	144	1
1350	69	146	1
1351	69	166	1
1352	69	167	1
1353	69	189	1
1354	69	202	1
1355	69	207	1
1356	69	214	1
1357	70	85	1
1358	70	112	1
1359	70	117	1
1360	70	132	1
1361	70	159	1
1362	70	160	1
1363	70	165	1
1364	70	180	1
1365	70	183	1
1366	70	204	1
1367	70	211	1
1368	71	77	1
1369	71	86	1
1370	71	98	1
1371	71	100	1
1372	71	104	1
1373	71	105	1
1374	71	110	1
1375	71	115	1
1376	71	117	1
1377	71	128	1
1378	71	153	1
1379	71	158	1
1380	71	170	1
1381	71	178	1
1382	71	187	1
1383	71	198	1
1384	71	199	1
1385	71	201	1
1386	71	211	1
1387	71	212	1
1388	72	78	1
1389	72	93	1
1390	72	99	1
1391	72	119	1
1392	72	123	1
1393	72	135	1
1394	72	153	1
1395	72	162	1
1396	72	172	1
1397	72	205	1
1398	72	210	1
1399	72	215	1
1400	73	80	1
1401	73	111	1
1402	73	112	1
1403	73	129	1
1404	73	141	1
1405	73	149	1
1406	73	150	1
1407	73	160	1
1408	73	173	1
1409	73	178	1
1410	73	180	1
1411	73	188	1
1412	73	197	1
1413	73	202	1
1414	73	214	1
1415	73	216	1
1416	74	77	1
1417	74	91	1
1418	74	94	1
1419	74	111	1
1420	74	116	1
1421	74	130	1
1422	74	131	1
1423	74	133	1
1424	74	143	1
1425	74	151	1
1426	74	152	1
1427	74	158	1
1428	74	172	1
1429	74	173	1
1430	74	186	1
1431	74	191	1
1432	74	192	1
1433	75	88	1
1434	75	99	1
1435	75	145	1
1436	75	153	1
1437	75	168	1
1438	75	176	1
1439	75	182	1
1440	75	188	1
1441	75	190	1
1442	75	206	1
1443	75	207	1
1444	75	208	1
1445	75	210	1
1446	75	213	1
1447	75	214	1
1448	76	99	1
1449	76	102	1
1450	76	122	1
1451	76	134	1
1452	76	138	1
1453	76	143	1
1454	76	150	1
1455	76	160	1
1456	76	176	1
1457	76	179	1
1458	76	192	1
1459	76	193	1
1460	76	208	1
1461	76	213	1
1462	77	79	1
1463	77	101	1
1464	77	120	1
1465	77	122	1
1466	77	128	1
1467	77	158	1
1468	77	163	1
1469	77	164	1
1470	77	167	1
1471	77	169	1
1472	77	173	1
1473	77	179	1
1474	77	196	1
1475	77	201	1
1476	77	205	1
1477	77	209	1
1478	78	86	1
1479	78	95	1
1480	78	98	1
1481	78	104	1
1482	78	107	1
1483	78	111	1
1484	78	121	1
1485	78	132	1
1486	78	139	1
1487	78	141	1
1488	78	168	1
1489	78	169	1
1490	78	171	1
1491	78	203	1
1492	78	209	1
1493	79	82	1
1494	79	89	1
1495	79	92	1
1496	79	95	1
1497	79	106	1
1498	79	109	1
1499	79	112	1
1500	79	114	1
1501	79	123	1
1502	79	130	1
1503	79	153	1
1504	79	163	1
1505	79	166	1
1506	79	181	1
1507	79	192	1
1508	79	198	1
1509	79	199	1
1510	79	203	1
1511	79	214	1
1512	79	215	1
1513	80	82	1
1514	80	122	1
1515	80	135	1
1516	80	148	1
1517	80	154	1
1518	80	184	1
1519	81	82	1
1520	81	90	1
1521	81	98	1
1522	81	110	1
1523	81	114	1
1524	81	122	1
1525	81	141	1
1526	81	147	1
1527	81	148	1
1528	81	165	1
1529	81	168	1
1530	81	169	1
1531	81	183	1
1532	81	204	1
1533	81	207	1
1534	81	211	1
1535	81	215	1
1536	81	216	1
1537	82	95	1
1538	82	98	1
1539	82	102	1
1540	82	114	1
1541	82	115	1
1542	82	124	1
1543	82	134	1
1544	82	135	1
1545	82	138	1
1546	82	162	1
1547	82	170	1
1548	82	184	1
1549	83	89	1
1550	83	91	1
1551	83	94	1
1552	83	95	1
1553	83	104	1
1554	83	131	1
1555	83	162	1
1556	83	168	1
1557	83	182	1
1558	83	189	1
1559	83	190	1
1560	83	195	1
1561	83	203	1
1562	84	92	1
1563	84	155	1
1564	84	156	1
1565	84	160	1
1566	84	163	1
1567	84	177	1
1568	84	182	1
1569	84	185	1
1570	84	198	1
1571	84	217	1
1572	84	219	1
1573	85	129	1
1574	85	132	1
1575	85	142	1
1576	85	153	1
1577	85	157	1
1578	85	158	1
1579	85	198	1
1580	85	199	1
1581	85	200	1
1582	85	206	1
1583	85	209	1
1584	86	92	1
1585	86	109	1
1586	86	124	1
1587	86	145	1
1588	86	155	1
1589	86	165	1
1590	86	167	1
1591	86	192	1
1592	86	202	1
1593	86	207	1
1594	86	208	1
1595	87	99	1
1596	87	114	1
1597	87	118	1
1598	87	123	1
1599	87	131	1
1600	87	149	1
1601	87	161	1
1602	87	169	1
1603	87	193	1
1604	87	198	1
1605	87	200	1
1606	87	202	1
1607	87	203	1
1608	87	214	1
1609	88	98	1
1610	88	104	1
1611	88	114	1
1612	88	133	1
1613	88	148	1
1614	88	169	1
1615	88	176	1
1616	88	177	1
1617	88	188	1
1618	88	192	1
1619	88	194	1
1620	88	201	1
1621	88	202	1
1622	88	205	1
1623	88	217	1
1624	89	105	1
1625	89	120	1
1626	89	126	1
1627	89	134	1
1628	89	138	1
1629	89	142	1
1630	89	143	1
1631	89	145	1
1632	89	187	1
1633	89	215	1
1634	90	101	1
1635	90	105	1
1636	90	107	1
1637	90	137	1
1638	90	138	1
1639	90	141	1
1640	90	145	1
1641	90	148	1
1642	90	153	1
1643	90	158	1
1644	90	171	1
1645	90	179	1
1646	90	184	1
1647	90	192	1
1648	90	198	1
1649	90	215	1
1650	90	216	1
1651	91	105	1
1652	91	111	1
1653	91	115	1
1654	91	118	1
1655	91	128	1
1656	91	131	1
1657	91	134	1
1658	91	135	1
1659	91	137	1
1660	91	168	1
1661	91	170	1
1662	91	178	1
1663	91	182	1
1664	91	208	1
1665	91	215	1
1666	91	218	1
1667	92	94	1
1668	92	111	1
1669	92	115	1
1670	92	117	1
1671	92	119	1
1672	92	121	1
1673	92	124	1
1674	92	128	1
1675	92	131	1
1676	92	144	1
1677	92	150	1
1678	92	189	1
1679	92	190	1
1680	92	214	1
1681	92	216	1
1682	93	95	1
1683	93	100	1
1684	93	118	1
1685	93	124	1
1686	93	130	1
1687	93	138	1
1688	93	170	1
1689	93	178	1
1690	93	197	1
1691	93	202	1
1692	93	203	1
1693	94	119	1
1694	94	124	1
1695	94	128	1
1696	94	131	1
1697	94	140	1
1698	94	156	1
1699	94	160	1
1700	94	173	1
1701	94	176	1
1702	94	178	1
1703	94	182	1
1704	94	187	1
1705	94	193	1
1706	94	194	1
1707	94	200	1
1708	94	204	1
1709	95	96	1
1710	95	110	1
1711	95	118	1
1712	95	127	1
1713	95	150	1
1714	95	170	1
1715	95	189	1
1716	95	196	1
1717	95	197	1
1718	95	207	1
1719	95	215	1
1720	96	101	1
1721	96	119	1
1722	96	137	1
1723	96	143	1
1724	96	157	1
1725	96	159	1
1726	96	161	1
1727	96	168	1
1728	96	170	1
1729	96	184	1
1730	96	205	1
1731	96	214	1
1732	97	100	1
1733	97	105	1
1734	97	113	1
1735	97	119	1
1736	97	120	1
1737	97	129	1
1738	97	130	1
1739	97	140	1
1740	97	145	1
1741	97	150	1
1742	97	171	1
1743	97	172	1
1744	97	175	1
1745	97	197	1
1746	97	210	1
1747	97	211	1
1748	98	99	1
1749	98	104	1
1750	98	107	1
1751	98	120	1
1752	98	128	1
1753	98	134	1
1754	98	165	1
1755	98	168	1
1756	98	171	1
1757	98	187	1
1758	98	191	1
1759	98	193	1
1760	98	197	1
1761	98	208	1
1762	98	213	1
1763	99	100	1
1764	99	101	1
1765	99	106	1
1766	99	120	1
1767	99	123	1
1768	99	129	1
1769	99	148	1
1770	99	157	1
1771	99	171	1
1772	99	180	1
1773	99	187	1
1774	99	188	1
1775	99	199	1
1776	99	211	1
1777	100	116	1
1778	100	140	1
1779	100	148	1
1780	100	159	1
1781	100	166	1
1782	100	167	1
1783	100	173	1
1784	100	178	1
1785	100	184	1
1786	100	214	1
1787	101	103	1
1788	101	135	1
1789	101	139	1
1790	101	151	1
1791	101	192	1
1792	101	193	1
1793	101	218	1
1794	102	120	1
1795	102	126	1
1796	102	132	1
1797	102	138	1
1798	102	141	1
1799	102	182	1
1800	102	196	1
1801	102	198	1
1802	102	199	1
1803	102	218	1
1804	103	104	1
1805	103	105	1
1806	103	109	1
1807	103	123	1
1808	103	135	1
1809	103	138	1
1810	103	165	1
1811	103	181	1
1812	103	184	1
1813	103	185	1
1814	103	208	1
1815	103	217	1
1816	104	112	1
1817	104	115	1
1818	104	131	1
1819	104	138	1
1820	104	145	1
1821	104	158	1
1822	104	167	1
1823	104	172	1
1824	104	180	1
1825	104	182	1
1826	104	206	1
1827	105	117	1
1828	105	125	1
1829	105	136	1
1830	105	151	1
1831	105	156	1
1832	105	158	1
1833	105	163	1
1834	105	169	1
1835	105	183	1
1836	105	184	1
1837	105	212	1
1838	105	218	1
1839	106	119	1
1840	106	123	1
1841	106	125	1
1842	106	133	1
1843	106	134	1
1844	106	143	1
1845	106	147	1
1846	106	176	1
1847	106	200	1
1848	106	206	1
1849	106	216	1
1850	107	112	1
1851	107	119	1
1852	107	128	1
1853	107	134	1
1854	107	141	1
1855	107	145	1
1856	107	148	1
1857	107	149	1
1858	107	155	1
1859	107	160	1
1860	107	172	1
1861	107	174	1
1862	107	188	1
1863	107	207	1
1864	108	157	1
1865	108	168	1
1866	108	175	1
1867	108	192	1
1868	109	117	1
1869	109	119	1
1870	109	129	1
1871	109	146	1
1872	109	154	1
1873	109	168	1
1874	109	171	1
1875	109	175	1
1876	109	185	1
1877	109	186	1
1878	109	203	1
1879	109	204	1
1880	109	206	1
1881	110	113	1
1882	110	117	1
1883	110	124	1
1884	110	141	1
1885	110	168	1
1886	110	173	1
1887	110	182	1
1888	110	187	1
1889	110	189	1
1890	110	194	1
1891	110	199	1
1892	110	200	1
1893	110	201	1
1894	110	212	1
1895	111	112	1
1896	111	120	1
1897	111	126	1
1898	111	127	1
1899	111	133	1
1900	111	137	1
1901	111	141	1
1902	111	149	1
1903	111	151	1
1904	111	166	1
1905	111	167	1
1906	111	170	1
1907	111	174	1
1908	111	180	1
1909	111	181	1
1910	111	199	1
1911	111	200	1
1912	111	201	1
1913	111	206	1
1914	111	207	1
1915	112	141	1
1916	112	142	1
1917	112	149	1
1918	112	205	1
1919	113	125	1
1920	113	130	1
1921	113	136	1
1922	113	143	1
1923	113	147	1
1924	113	165	1
1925	113	168	1
1926	113	173	1
1927	113	185	1
1928	114	136	1
1929	114	139	1
1930	114	151	1
1931	114	166	1
1932	114	171	1
1933	114	178	1
1934	114	188	1
1935	114	213	1
1936	115	120	1
1937	115	121	1
1938	115	140	1
1939	115	159	1
1940	115	169	1
1941	115	179	1
1942	115	194	1
1943	115	195	1
1944	115	197	1
1945	116	119	1
1946	116	125	1
1947	116	137	1
1948	116	143	1
1949	116	147	1
1950	116	148	1
1951	116	174	1
1952	116	177	1
1953	116	188	1
1954	116	200	1
1955	117	131	1
1956	117	141	1
1957	117	151	1
1958	117	152	1
1959	117	161	1
1960	117	162	1
1961	117	175	1
1962	117	179	1
1963	117	188	1
1964	117	193	1
1965	117	198	1
1966	117	214	1
1967	118	124	1
1968	118	126	1
1969	118	131	1
1970	118	142	1
1971	118	143	1
1972	118	147	1
1973	118	173	1
1974	118	179	1
1975	118	181	1
1976	118	184	1
1977	118	191	1
1978	118	204	1
1979	119	147	1
1980	119	160	1
1981	119	169	1
1982	119	176	1
1983	119	188	1
1984	119	195	1
1985	119	199	1
1986	119	202	1
1987	119	210	1
1988	120	125	1
1989	120	167	1
1990	120	180	1
1991	120	185	1
1992	120	193	1
1993	121	139	1
1994	121	140	1
1995	121	155	1
1996	121	158	1
1997	121	168	1
1998	121	184	1
1999	121	211	1
2000	122	123	1
2001	122	205	1
2002	123	131	1
2003	123	159	1
2004	123	163	1
2005	123	164	1
2006	123	176	1
2007	123	193	1
2008	123	205	1
2009	123	206	1
2010	123	211	1
2011	123	213	1
2012	123	218	1
2013	124	142	1
2014	124	149	1
2015	124	165	1
2016	124	168	1
2017	124	195	1
2018	124	197	1
2019	124	199	1
2020	124	202	1
2021	125	127	1
2022	125	136	1
2023	125	179	1
2024	125	189	1
2025	125	193	1
2026	125	201	1
2027	125	208	1
2028	125	219	1
2029	126	143	1
2030	126	152	1
2031	126	161	1
2032	126	170	1
2033	126	183	1
2034	126	204	1
2035	126	215	1
2036	127	155	1
2037	127	160	1
2038	127	162	1
2039	127	185	1
2040	127	197	1
2041	127	200	1
2042	127	203	1
2043	127	209	1
2044	127	210	1
2045	127	218	1
2046	128	130	1
2047	128	138	1
2048	128	151	1
2049	128	167	1
2050	128	172	1
2051	128	184	1
2052	128	193	1
2053	128	213	1
2054	128	214	1
2055	129	135	1
2056	129	138	1
2057	129	147	1
2058	129	157	1
2059	129	163	1
2060	129	175	1
2061	129	179	1
2062	129	180	1
2063	129	183	1
2064	129	188	1
2065	129	214	1
2066	130	142	1
2067	130	145	1
2068	130	151	1
2069	130	152	1
2070	130	168	1
2071	130	186	1
2072	130	189	1
2073	131	135	1
2074	131	139	1
2075	131	146	1
2076	131	159	1
2077	131	170	1
2078	131	177	1
2079	131	178	1
2080	131	180	1
2081	131	192	1
2082	132	144	1
2083	132	153	1
2084	132	155	1
2085	132	156	1
2086	132	160	1
2087	132	166	1
2088	132	168	1
2089	132	175	1
2090	133	146	1
2091	133	147	1
2092	133	149	1
2093	133	153	1
2094	133	170	1
2095	133	171	1
2096	133	175	1
2097	133	193	1
2098	133	198	1
2099	133	202	1
2100	133	211	1
2101	134	151	1
2102	134	167	1
2103	134	181	1
2104	134	183	1
2105	134	185	1
2106	134	195	1
2107	134	196	1
2108	134	200	1
2109	134	203	1
2110	135	136	1
2111	135	154	1
2112	135	162	1
2113	135	164	1
2114	135	190	1
2115	135	203	1
2116	136	143	1
2117	136	157	1
2118	136	158	1
2119	136	194	1
2120	136	201	1
2121	136	202	1
2122	137	143	1
2123	137	177	1
2124	137	213	1
2125	138	139	1
2126	138	157	1
2127	138	162	1
2128	138	166	1
2129	138	169	1
2130	138	179	1
2131	138	181	1
2132	138	184	1
2133	138	185	1
2134	138	188	1
2135	139	145	1
2136	139	150	1
2137	139	171	1
2138	139	176	1
2139	139	184	1
2140	139	188	1
2141	139	213	1
2142	139	218	1
2143	140	153	1
2144	140	160	1
2145	140	164	1
2146	140	181	1
2147	140	185	1
2148	140	195	1
2149	140	206	1
2150	140	214	1
2151	141	151	1
2152	141	153	1
2153	141	155	1
2154	141	164	1
2155	141	170	1
2156	141	179	1
2157	141	197	1
2158	141	201	1
2159	142	152	1
2160	142	182	1
2161	142	188	1
2162	142	190	1
2163	142	203	1
2164	143	157	1
2165	143	161	1
2166	143	167	1
2167	143	172	1
2168	143	176	1
2169	143	181	1
2170	143	189	1
2171	143	206	1
2172	143	216	1
2173	143	218	1
2174	144	154	1
2175	145	148	1
2176	145	149	1
2177	145	150	1
2178	145	159	1
2179	145	181	1
2180	145	188	1
2181	145	190	1
2182	145	219	1
2183	146	150	1
2184	146	171	1
2185	146	172	1
2186	146	184	1
2187	146	194	1
2188	146	196	1
2189	146	198	1
2190	146	203	1
2191	146	208	1
2192	146	212	1
2193	146	216	1
2194	147	152	1
2195	147	161	1
2196	147	178	1
2197	147	181	1
2198	147	207	1
2199	148	153	1
2200	148	157	1
2201	148	168	1
2202	148	202	1
2203	148	214	1
2204	149	157	1
2205	149	184	1
2206	149	192	1
2207	149	197	1
2208	149	204	1
2209	149	205	1
2210	149	213	1
2211	150	152	1
2212	150	158	1
2213	150	159	1
2214	150	166	1
2215	150	184	1
2216	150	187	1
2217	150	203	1
2218	150	211	1
2219	151	159	1
2220	151	173	1
2221	151	174	1
2222	151	181	1
2223	151	182	1
2224	151	185	1
2225	151	200	1
2226	151	209	1
2227	151	215	1
2228	152	153	1
2229	152	168	1
2230	152	171	1
2231	152	174	1
2232	152	178	1
2233	153	164	1
2234	153	169	1
2235	153	204	1
2236	153	208	1
2237	153	210	1
2238	153	214	1
2239	153	215	1
2240	154	164	1
2241	154	167	1
2242	154	171	1
2243	154	175	1
2244	154	197	1
2245	154	205	1
2246	154	211	1
2247	155	166	1
2248	155	173	1
2249	155	181	1
2250	155	189	1
2251	155	192	1
2252	155	198	1
2253	155	204	1
2254	155	206	1
2255	155	207	1
2256	155	210	1
2257	155	219	1
2258	156	159	1
2259	156	160	1
2260	156	163	1
2261	156	165	1
2262	156	169	1
2263	156	171	1
2264	156	174	1
2265	156	184	1
2266	156	207	1
2267	156	216	1
2268	157	185	1
2269	157	196	1
2270	157	210	1
2271	157	211	1
2272	157	215	1
2273	158	177	1
2274	158	185	1
2275	158	198	1
2276	158	209	1
2277	159	169	1
2278	159	185	1
2279	159	189	1
2280	159	209	1
2281	159	212	1
2282	159	215	1
2283	159	219	1
2284	160	169	1
2285	160	179	1
2286	160	192	1
2287	160	194	1
2288	160	203	1
2289	160	206	1
2290	160	218	1
2291	161	162	1
2292	161	178	1
2293	161	195	1
2294	161	196	1
2295	161	206	1
2296	161	207	1
2297	161	208	1
2298	161	210	1
2299	161	218	1
2300	162	163	1
2301	162	167	1
2302	162	169	1
2303	162	177	1
2304	162	190	1
2305	162	194	1
2306	162	195	1
2307	162	199	1
2308	162	210	1
2309	162	218	1
2310	163	178	1
2311	163	186	1
2312	163	188	1
2313	163	191	1
2314	163	198	1
2315	163	208	1
2316	163	215	1
2317	164	170	1
2318	164	185	1
2319	164	186	1
2320	164	214	1
2321	164	216	1
2322	164	218	1
2323	165	172	1
2324	165	176	1
2325	165	179	1
2326	165	182	1
2327	165	197	1
2328	165	202	1
2329	165	211	1
2330	166	170	1
2331	166	178	1
2332	166	183	1
2333	166	187	1
2334	166	190	1
2335	166	198	1
2336	166	209	1
2337	167	180	1
2338	167	187	1
2339	167	190	1
2340	167	193	1
2341	167	198	1
2342	167	206	1
2343	167	212	1
2344	167	218	1
2345	168	200	1
2346	168	208	1
2347	168	215	1
2348	169	178	1
2349	169	184	1
2350	169	187	1
2351	169	191	1
2352	169	198	1
2353	169	209	1
2354	170	172	1
2355	170	198	1
2356	170	209	1
2357	170	216	1
2358	171	205	1
2359	171	207	1
2360	172	182	1
2361	172	183	1
2362	172	186	1
2363	172	199	1
2364	172	205	1
2365	172	214	1
2366	173	181	1
2367	173	200	1
2368	173	205	1
2369	174	179	1
2370	174	182	1
2371	174	188	1
2372	174	195	1
2373	174	206	1
2374	175	179	1
2375	175	183	1
2376	175	201	1
2377	175	209	1
2378	175	212	1
2379	176	184	1
2380	176	192	1
2381	176	198	1
2382	176	200	1
2383	176	203	1
2384	176	215	1
2385	177	181	1
2386	177	186	1
2387	177	207	1
2388	177	215	1
2389	178	203	1
2390	179	191	1
2391	179	193	1
2392	179	202	1
2393	179	208	1
2394	179	215	1
2395	180	185	1
2396	180	190	1
2397	180	194	1
2398	180	198	1
2399	180	203	1
2400	180	210	1
2401	180	215	1
2402	181	189	1
2403	182	185	1
2404	182	187	1
2405	182	189	1
2406	182	193	1
2407	182	208	1
2408	182	219	1
2409	183	187	1
2410	183	189	1
2411	183	192	1
2412	183	199	1
2413	183	217	1
2414	184	185	1
2415	184	188	1
2416	184	210	1
2417	187	188	1
2418	187	204	1
2419	187	207	1
2420	187	211	1
2421	187	218	1
2422	188	196	1
2423	188	200	1
2424	189	216	1
2425	189	217	1
2426	190	196	1
2427	190	211	1
2428	190	214	1
2429	191	197	1
2430	191	200	1
2431	191	206	1
2432	192	193	1
2433	193	195	1
2434	193	197	1
2435	193	211	1
2436	194	207	1
2437	194	214	1
2438	195	204	1
2439	195	214	1
2440	196	198	1
2441	196	203	1
2442	196	210	1
2443	196	215	1
2444	196	216	1
2445	197	204	1
2446	197	213	1
2447	198	202	1
2448	199	207	1
2449	199	209	1
2450	199	218	1
2451	200	203	1
2452	200	205	1
2453	200	209	1
2454	200	212	1
2455	200	213	1
2456	200	219	1
2457	201	202	1
2458	202	206	1
2459	202	207	1
2460	202	215	1
2461	203	213	1
2462	204	218	1
2463	205	208	1
2464	205	215	1
2465	209	216	1
2466	210	213	1
2467	211	219	1
2468	214	218	1
