Link_index	Source	Destination	Capacity(kbps)
0	0	8	1
1	0	13	1
2	0	19	1
3	0	20	1
4	0	23	1
5	0	24	1
6	0	25	1
7	0	29	1
8	0	35	1
9	0	38	1
10	0	44	1
11	0	45	1
12	0	50	1
13	0	65	1
14	0	83	1
15	0	85	1
16	1	9	1
17	1	11	1
18	1	22	1
19	1	55	1
20	1	68	1
21	1	69	1
22	1	72	1
23	1	81	1
24	1	83	1
25	1	85	1
26	2	10	1
27	2	11	1
28	2	15	1
29	2	21	1
30	2	25	1
31	2	40	1
32	2	48	1
33	2	80	1
34	2	88	1
35	3	6	1
36	3	10	1
37	3	13	1
38	3	16	1
39	3	19	1
40	3	28	1
41	3	30	1
42	3	36	1
43	3	38	1
44	3	41	1
45	3	52	1
46	3	63	1
47	3	70	1
48	3	71	1
49	3	80	1
50	4	17	1
51	4	20	1
52	4	24	1
53	4	37	1
54	4	51	1
55	4	57	1
56	4	61	1
57	4	70	1
58	4	77	1
59	5	10	1
60	5	79	1
61	6	28	1
62	6	39	1
63	6	42	1
64	6	82	1
65	6	83	1
66	6	89	1
67	7	9	1
68	7	11	1
69	7	13	1
70	7	22	1
71	7	36	1
72	7	48	1
73	7	55	1
74	7	59	1
75	7	67	1
76	7	82	1
77	8	17	1
78	8	23	1
79	8	48	1
80	8	50	1
81	8	62	1
82	8	71	1
83	9	23	1
84	9	27	1
85	9	37	1
86	9	39	1
87	9	44	1
88	9	50	1
89	9	82	1
90	10	21	1
91	10	24	1
92	10	36	1
93	10	39	1
94	10	83	1
95	10	88	1
96	11	26	1
97	11	34	1
98	11	42	1
99	11	48	1
100	11	61	1
101	11	76	1
102	11	80	1
103	12	24	1
104	12	27	1
105	12	29	1
106	12	53	1
107	12	80	1
108	13	17	1
109	13	18	1
110	13	29	1
111	13	48	1
112	13	51	1
113	13	68	1
114	13	73	1
115	13	88	1
116	14	43	1
117	14	51	1
118	14	60	1
119	14	85	1
120	15	23	1
121	15	35	1
122	15	43	1
123	15	51	1
124	15	60	1
125	15	81	1
126	15	82	1
127	15	87	1
128	16	24	1
129	16	50	1
130	16	67	1
131	16	70	1
132	16	78	1
133	16	87	1
134	17	18	1
135	17	42	1
136	17	46	1
137	17	60	1
138	17	63	1
139	18	19	1
140	18	27	1
141	18	28	1
142	18	34	1
143	18	45	1
144	18	87	1
145	18	89	1
146	19	20	1
147	19	32	1
148	19	33	1
149	19	43	1
150	19	51	1
151	19	65	1
152	19	68	1
153	19	75	1
154	19	76	1
155	19	78	1
156	19	85	1
157	20	44	1
158	20	54	1
159	20	61	1
160	20	65	1
161	20	75	1
162	20	78	1
163	21	28	1
164	21	35	1
165	21	52	1
166	22	24	1
167	22	36	1
168	22	39	1
169	22	40	1
170	22	44	1
171	22	47	1
172	22	50	1
173	22	51	1
174	22	56	1
175	22	83	1
176	23	41	1
177	23	50	1
178	23	57	1
179	23	59	1
180	23	71	1
181	24	41	1
182	24	42	1
183	24	44	1
184	24	50	1
185	24	51	1
186	24	56	1
187	24	58	1
188	24	60	1
189	24	62	1
190	24	66	1
191	24	85	1
192	24	87	1
193	25	32	1
194	25	33	1
195	25	63	1
196	25	68	1
197	25	82	1
198	26	27	1
199	26	39	1
200	26	40	1
201	26	43	1
202	26	45	1
203	26	46	1
204	26	51	1
205	26	57	1
206	26	58	1
207	26	80	1
208	26	88	1
209	27	59	1
210	27	60	1
211	27	84	1
212	27	89	1
213	28	36	1
214	28	37	1
215	28	39	1
216	28	44	1
217	28	56	1
218	28	78	1
219	28	85	1
220	28	89	1
221	29	34	1
222	29	55	1
223	29	61	1
224	29	64	1
225	29	67	1
226	29	70	1
227	29	72	1
228	29	86	1
229	29	87	1
230	30	32	1
231	30	37	1
232	30	69	1
233	30	77	1
234	30	82	1
235	30	87	1
236	31	40	1
237	31	49	1
238	31	51	1
239	31	58	1
240	31	76	1
241	31	84	1
242	32	48	1
243	32	58	1
244	32	84	1
245	33	40	1
246	33	48	1
247	33	53	1
248	33	67	1
249	33	68	1
250	33	72	1
251	34	44	1
252	34	47	1
253	34	50	1
254	34	51	1
255	34	67	1
256	34	76	1
257	34	82	1
258	35	41	1
259	35	52	1
260	35	56	1
261	35	60	1
262	35	63	1
263	35	67	1
264	35	72	1
265	35	76	1
266	35	78	1
267	36	37	1
268	36	40	1
269	37	46	1
270	37	47	1
271	37	50	1
272	37	80	1
273	38	41	1
274	38	58	1
275	38	72	1
276	38	73	1
277	38	75	1
278	38	78	1
279	39	43	1
280	39	73	1
281	39	75	1
282	39	83	1
283	39	89	1
284	40	47	1
285	40	54	1
286	40	58	1
287	40	62	1
288	40	63	1
289	40	66	1
290	40	77	1
291	40	78	1
292	40	86	1
293	41	43	1
294	41	51	1
295	41	55	1
296	41	57	1
297	41	60	1
298	41	76	1
299	42	67	1
300	42	71	1
301	42	78	1
302	42	79	1
303	43	46	1
304	43	50	1
305	43	55	1
306	43	57	1
307	43	60	1
308	43	70	1
309	43	72	1
310	44	46	1
311	44	49	1
312	44	52	1
313	44	78	1
314	44	85	1
315	44	86	1
316	45	47	1
317	45	53	1
318	45	58	1
319	45	61	1
320	45	87	1
321	46	50	1
322	46	58	1
323	46	61	1
324	46	64	1
325	46	69	1
326	46	77	1
327	47	68	1
328	47	69	1
329	47	76	1
330	47	81	1
331	48	51	1
332	48	55	1
333	48	70	1
334	48	79	1
335	49	70	1
336	50	54	1
337	50	57	1
338	50	58	1
339	50	73	1
340	51	52	1
341	51	65	1
342	51	71	1
343	51	74	1
344	52	60	1
345	52	63	1
346	52	64	1
347	52	69	1
348	52	76	1
349	52	89	1
350	53	55	1
351	53	61	1
352	53	68	1
353	53	78	1
354	54	56	1
355	54	65	1
356	54	67	1
357	54	70	1
358	55	61	1
359	55	74	1
360	55	79	1
361	55	87	1
362	56	67	1
363	56	68	1
364	56	73	1
365	56	77	1
366	56	78	1
367	57	64	1
368	57	67	1
369	57	69	1
370	57	71	1
371	57	72	1
372	57	74	1
373	58	74	1
374	59	79	1
375	60	62	1
376	60	68	1
377	60	71	1
378	60	83	1
379	61	62	1
380	61	70	1
381	62	83	1
382	63	66	1
383	63	67	1
384	63	78	1
385	64	78	1
386	65	74	1
387	65	80	1
388	65	82	1
389	66	86	1
390	66	89	1
391	67	75	1
392	68	77	1
393	68	84	1
394	68	85	1
395	68	86	1
396	69	70	1
397	69	73	1
398	69	77	1
399	69	82	1
400	69	87	1
401	69	88	1
402	71	72	1
403	71	74	1
404	71	79	1
405	71	80	1
406	71	83	1
407	71	89	1
408	72	74	1
409	72	75	1
410	73	89	1
411	74	75	1
412	74	81	1
413	75	78	1
414	75	85	1
415	75	87	1
416	76	78	1
417	76	81	1
418	76	86	1
419	77	83	1
420	79	82	1
421	79	83	1
422	79	88	1
423	80	85	1
424	82	84	1
425	83	89	1
426	84	89	1
427	85	87	1
428	86	88	1
