Link_index	Source	Destination	Capacity(kbps)
0	0	2	1
1	0	3	1
2	0	5	1
3	0	17	1
4	0	18	1
5	0	25	1
6	0	32	1
7	0	38	1
8	0	40	1
9	0	50	1
10	0	62	1
11	0	72	1
12	0	75	1
13	0	108	1
14	0	124	1
15	0	131	1
16	0	149	1
17	0	151	1
18	0	158	1
19	0	159	1
20	0	162	1
21	1	2	1
22	2	3	1
23	2	4	1
24	2	5	1
25	2	12	1
26	2	33	1
27	2	34	1
28	2	42	1
29	2	43	1
30	2	59	1
31	2	76	1
32	2	130	1
33	2	138	1
34	3	4	1
35	3	6	1
36	3	10	1
37	3	13	1
38	3	15	1
39	3	17	1
40	3	18	1
41	3	25	1
42	3	28	1
43	3	29	1
44	3	45	1
45	3	47	1
46	3	48	1
47	3	51	1
48	3	54	1
49	3	61	1
50	3	74	1
51	3	86	1
52	3	87	1
53	3	93	1
54	3	95	1
55	3	99	1
56	3	100	1
57	3	106	1
58	3	120	1
59	3	125	1
60	3	140	1
61	3	143	1
62	3	165	1
63	3	167	1
64	4	7	1
65	4	8	1
66	4	11	1
67	4	23	1
68	4	27	1
69	4	39	1
70	4	49	1
71	4	55	1
72	4	65	1
73	4	89	1
74	4	98	1
75	4	144	1
76	4	146	1
77	4	151	1
78	5	6	1
79	5	7	1
80	5	9	1
81	5	11	1
82	5	16	1
83	5	22	1
84	5	24	1
85	5	26	1
86	5	29	1
87	5	30	1
88	5	33	1
89	5	97	1
90	5	102	1
91	5	111	1
92	5	116	1
93	5	163	1
94	6	8	1
95	6	10	1
96	6	14	1
97	6	20	1
98	6	21	1
99	6	41	1
100	6	67	1
101	6	69	1
102	6	78	1
103	6	91	1
104	6	94	1
105	6	127	1
106	6	132	1
107	6	134	1
108	6	178	1
109	7	9	1
110	7	13	1
111	7	14	1
112	7	15	1
113	7	30	1
114	7	31	1
115	7	38	1
116	7	41	1
117	7	43	1
118	7	49	1
119	7	52	1
120	7	54	1
121	7	56	1
122	7	57	1
123	7	66	1
124	7	68	1
125	7	71	1
126	7	81	1
127	7	83	1
128	7	87	1
129	7	88	1
130	7	96	1
131	7	114	1
132	7	118	1
133	7	148	1
134	7	155	1
135	7	160	1
136	7	163	1
137	7	173	1
138	7	174	1
139	7	179	1
140	9	12	1
141	9	21	1
142	9	23	1
143	9	42	1
144	9	75	1
145	9	82	1
146	9	92	1
147	9	115	1
148	9	131	1
149	9	137	1
150	9	147	1
151	9	150	1
152	9	157	1
153	10	19	1
154	10	24	1
155	10	26	1
156	10	78	1
157	10	103	1
158	10	152	1
159	11	48	1
160	13	19	1
161	13	47	1
162	13	122	1
163	13	145	1
164	14	16	1
165	14	22	1
166	14	119	1
167	14	130	1
168	15	161	1
169	16	27	1
170	16	35	1
171	16	39	1
172	16	83	1
173	16	126	1
174	17	45	1
175	17	80	1
176	17	105	1
177	17	154	1
178	17	165	1
179	18	20	1
180	18	53	1
181	18	64	1
182	18	90	1
183	18	97	1
184	18	105	1
185	18	137	1
186	18	144	1
187	19	110	1
188	21	35	1
189	21	36	1
190	21	40	1
191	21	50	1
192	21	56	1
193	21	58	1
194	21	65	1
195	21	71	1
196	21	104	1
197	21	109	1
198	21	113	1
199	21	116	1
200	21	123	1
201	21	126	1
202	21	127	1
203	24	28	1
204	24	52	1
205	24	70	1
206	24	85	1
207	25	101	1
208	25	169	1
209	26	46	1
210	26	73	1
211	26	135	1
212	27	31	1
213	27	34	1
214	27	55	1
215	27	57	1
216	27	64	1
217	27	66	1
218	27	70	1
219	27	79	1
220	27	96	1
221	27	110	1
222	27	115	1
223	29	32	1
224	29	37	1
225	29	44	1
226	29	60	1
227	29	61	1
228	29	62	1
229	29	80	1
230	29	82	1
231	29	102	1
232	29	118	1
233	29	124	1
234	30	168	1
235	31	63	1
236	32	67	1
237	32	95	1
238	32	101	1
239	33	36	1
240	33	136	1
241	33	140	1
242	33	150	1
243	34	37	1
244	34	44	1
245	34	53	1
246	35	139	1
247	35	177	1
248	38	63	1
249	38	74	1
250	38	106	1
251	38	108	1
252	38	129	1
253	38	142	1
254	40	46	1
255	41	69	1
256	42	60	1
257	44	164	1
258	45	91	1
259	46	103	1
260	48	84	1
261	48	93	1
262	48	99	1
263	48	109	1
264	49	51	1
265	49	72	1
266	49	88	1
267	49	92	1
268	49	111	1
269	49	121	1
270	50	59	1
271	50	77	1
272	50	112	1
273	52	136	1
274	53	89	1
275	53	125	1
276	53	159	1
277	54	58	1
278	55	79	1
279	55	128	1
280	55	164	1
281	58	176	1
282	59	94	1
283	59	145	1
284	59	152	1
285	59	161	1
286	59	178	1
287	61	68	1
288	61	73	1
289	61	84	1
290	61	107	1
291	61	166	1
292	63	77	1
293	64	113	1
294	64	166	1
295	66	179	1
296	69	76	1
297	69	100	1
298	69	117	1
299	69	149	1
300	69	171	1
301	70	122	1
302	72	173	1
303	74	107	1
304	74	134	1
305	75	81	1
306	75	123	1
307	75	132	1
308	75	133	1
309	76	142	1
310	76	153	1
311	76	171	1
312	76	177	1
313	78	85	1
314	78	86	1
315	78	114	1
316	78	135	1
317	78	141	1
318	79	175	1
319	81	90	1
320	85	104	1
321	86	141	1
322	87	112	1
323	88	155	1
324	89	168	1
325	92	119	1
326	92	162	1
327	93	98	1
328	95	117	1
329	95	128	1
330	95	170	1
331	96	120	1
332	96	121	1
333	96	133	1
334	96	138	1
335	100	153	1
336	104	170	1
337	105	174	1
338	108	167	1
339	116	129	1
340	116	160	1
341	118	146	1
342	118	157	1
343	120	148	1
344	121	169	1
345	126	143	1
346	132	139	1
347	133	176	1
348	134	147	1
349	135	158	1
350	137	156	1
351	139	156	1
352	139	175	1
353	150	154	1
354	159	172	1
355	170	172	1
