Link_index	Source	Destination	Capacity(kbps)
0	0	3	1
1	0	4	1
2	0	9	1
3	0	13	1
4	0	16	1
5	0	20	1
6	0	21	1
7	0	22	1
8	0	25	1
9	0	30	1
10	0	31	1
11	0	38	1
12	0	44	1
13	0	46	1
14	0	50	1
15	0	54	1
16	0	62	1
17	0	66	1
18	0	67	1
19	0	70	1
20	0	76	1
21	0	86	1
22	0	94	1
23	0	96	1
24	0	111	1
25	0	118	1
26	1	3	1
27	1	95	1
28	2	3	1
29	2	4	1
30	2	5	1
31	2	6	1
32	2	7	1
33	2	8	1
34	2	9	1
35	2	12	1
36	2	20	1
37	2	26	1
38	2	29	1
39	2	37	1
40	2	40	1
41	2	42	1
42	2	50	1
43	2	57	1
44	2	65	1
45	2	72	1
46	2	79	1
47	2	82	1
48	2	101	1
49	3	4	1
50	3	5	1
51	3	6	1
52	3	7	1
53	3	13	1
54	3	15	1
55	3	16	1
56	3	18	1
57	3	19	1
58	3	45	1
59	3	54	1
60	3	75	1
61	3	103	1
62	3	105	1
63	3	111	1
64	3	114	1
65	4	5	1
66	4	6	1
67	4	7	1
68	4	10	1
69	4	14	1
70	4	24	1
71	4	31	1
72	4	36	1
73	4	45	1
74	4	49	1
75	4	55	1
76	4	56	1
77	4	67	1
78	4	89	1
79	5	8	1
80	5	9	1
81	5	10	1
82	5	11	1
83	5	12	1
84	5	18	1
85	5	22	1
86	5	23	1
87	5	25	1
88	5	27	1
89	5	33	1
90	5	42	1
91	5	57	1
92	5	58	1
93	5	68	1
94	5	87	1
95	5	89	1
96	5	98	1
97	5	109	1
98	6	11	1
99	6	12	1
100	6	13	1
101	6	62	1
102	6	110	1
103	7	8	1
104	7	10	1
105	7	14	1
106	7	17	1
107	7	23	1
108	7	26	1
109	7	35	1
110	7	45	1
111	7	47	1
112	7	56	1
113	7	65	1
114	7	89	1
115	7	102	1
116	7	106	1
117	7	110	1
118	7	119	1
119	8	67	1
120	8	75	1
121	8	93	1
122	9	11	1
123	9	14	1
124	9	24	1
125	9	27	1
126	9	28	1
127	9	37	1
128	9	48	1
129	9	52	1
130	9	53	1
131	9	59	1
132	9	85	1
133	9	92	1
134	10	15	1
135	10	17	1
136	10	19	1
137	10	21	1
138	10	26	1
139	10	27	1
140	10	32	1
141	10	34	1
142	10	37	1
143	10	39	1
144	10	47	1
145	10	68	1
146	10	71	1
147	10	90	1
148	10	96	1
149	10	98	1
150	11	71	1
151	11	73	1
152	12	15	1
153	12	24	1
154	12	28	1
155	12	29	1
156	12	49	1
157	12	50	1
158	12	105	1
159	12	114	1
160	12	115	1
161	13	17	1
162	13	19	1
163	13	23	1
164	13	33	1
165	13	35	1
166	13	47	1
167	13	83	1
168	13	90	1
169	13	111	1
170	14	32	1
171	14	34	1
172	14	38	1
173	14	60	1
174	14	62	1
175	14	63	1
176	14	79	1
177	14	117	1
178	15	16	1
179	15	18	1
180	15	34	1
181	15	80	1
182	16	44	1
183	16	81	1
184	17	21	1
185	18	22	1
186	18	29	1
187	18	40	1
188	18	51	1
189	18	71	1
190	18	77	1
191	18	90	1
192	18	91	1
193	19	20	1
194	19	41	1
195	19	55	1
196	19	65	1
197	19	95	1
198	19	107	1
199	19	113	1
200	20	61	1
201	20	92	1
202	22	46	1
203	22	64	1
204	22	66	1
205	22	84	1
206	23	25	1
207	23	28	1
208	23	35	1
209	23	58	1
210	23	59	1
211	23	64	1
212	23	79	1
213	23	88	1
214	23	99	1
215	23	106	1
216	23	119	1
217	24	51	1
218	24	57	1
219	24	75	1
220	24	87	1
221	24	94	1
222	24	115	1
223	24	118	1
224	25	30	1
225	25	43	1
226	25	55	1
227	25	61	1
228	26	30	1
229	26	36	1
230	26	48	1
231	26	51	1
232	26	69	1
233	26	73	1
234	26	81	1
235	26	84	1
236	27	33	1
237	27	38	1
238	27	44	1
239	27	60	1
240	27	72	1
241	27	91	1
242	27	113	1
243	28	32	1
244	28	48	1
245	28	66	1
246	29	76	1
247	29	93	1
248	29	114	1
249	30	31	1
250	30	36	1
251	30	46	1
252	30	74	1
253	30	99	1
254	31	53	1
255	31	63	1
256	31	68	1
257	31	77	1
258	32	40	1
259	32	69	1
260	32	70	1
261	32	87	1
262	32	118	1
263	33	39	1
264	33	41	1
265	33	77	1
266	34	39	1
267	34	94	1
268	35	52	1
269	35	78	1
270	35	82	1
271	35	86	1
272	36	42	1
273	37	41	1
274	37	76	1
275	37	103	1
276	37	108	1
277	38	49	1
278	39	43	1
279	39	56	1
280	39	60	1
281	39	86	1
282	39	88	1
283	39	117	1
284	40	52	1
285	40	72	1
286	40	81	1
287	40	104	1
288	40	112	1
289	41	43	1
290	41	104	1
291	42	58	1
292	42	85	1
293	42	116	1
294	43	92	1
295	43	97	1
296	43	113	1
297	44	54	1
298	46	61	1
299	46	85	1
300	46	100	1
301	47	64	1
302	47	70	1
303	47	84	1
304	47	104	1
305	48	53	1
306	56	59	1
307	57	112	1
308	58	63	1
309	58	78	1
310	58	102	1
311	60	80	1
312	62	69	1
313	62	97	1
314	63	74	1
315	63	96	1
316	63	97	1
317	64	107	1
318	64	109	1
319	65	119	1
320	67	74	1
321	67	82	1
322	67	83	1
323	67	93	1
324	67	99	1
325	67	106	1
326	68	78	1
327	70	80	1
328	70	110	1
329	71	73	1
330	72	91	1
331	73	98	1
332	73	100	1
333	74	102	1
334	74	105	1
335	80	88	1
336	82	83	1
337	82	95	1
338	83	103	1
339	84	107	1
340	84	116	1
341	87	101	1
342	92	101	1
343	93	108	1
344	95	109	1
345	99	100	1
346	105	108	1
347	106	116	1
348	111	112	1
349	112	115	1
350	116	117	1
