Link_index	Source	Destination	Capacity(kbps)
0	0	11	1
1	0	14	1
2	0	20	1
3	0	29	1
4	0	33	1
5	0	37	1
6	0	38	1
7	0	41	1
8	0	48	1
9	0	55	1
10	0	60	1
11	0	67	1
12	0	68	1
13	0	82	1
14	0	83	1
15	0	85	1
16	1	12	1
17	1	29	1
18	1	39	1
19	1	50	1
20	1	59	1
21	1	78	1
22	2	14	1
23	2	26	1
24	2	47	1
25	2	53	1
26	2	55	1
27	2	62	1
28	2	65	1
29	2	70	1
30	2	80	1
31	3	13	1
32	3	38	1
33	3	39	1
34	3	43	1
35	3	53	1
36	3	59	1
37	3	73	1
38	3	76	1
39	3	82	1
40	3	83	1
41	4	30	1
42	4	32	1
43	4	38	1
44	4	41	1
45	4	45	1
46	4	48	1
47	4	51	1
48	4	80	1
49	5	21	1
50	5	47	1
51	5	63	1
52	5	77	1
53	5	89	1
54	6	33	1
55	6	45	1
56	6	47	1
57	6	54	1
58	6	60	1
59	6	64	1
60	6	67	1
61	6	69	1
62	6	71	1
63	6	78	1
64	6	86	1
65	7	14	1
66	7	27	1
67	7	30	1
68	7	36	1
69	7	43	1
70	7	53	1
71	7	64	1
72	7	89	1
73	8	27	1
74	8	33	1
75	8	43	1
76	8	64	1
77	8	73	1
78	8	81	1
79	8	85	1
80	8	86	1
81	9	11	1
82	9	16	1
83	9	27	1
84	9	37	1
85	9	39	1
86	9	48	1
87	9	57	1
88	9	63	1
89	9	65	1
90	9	68	1
91	9	74	1
92	9	75	1
93	9	87	1
94	10	17	1
95	10	26	1
96	10	74	1
97	10	82	1
98	10	88	1
99	11	19	1
100	11	34	1
101	11	47	1
102	11	48	1
103	11	49	1
104	12	13	1
105	12	32	1
106	12	52	1
107	12	72	1
108	12	83	1
109	13	31	1
110	13	48	1
111	13	63	1
112	13	71	1
113	14	37	1
114	14	41	1
115	14	44	1
116	14	46	1
117	14	51	1
118	14	61	1
119	14	67	1
120	14	74	1
121	15	22	1
122	15	31	1
123	15	36	1
124	15	37	1
125	15	39	1
126	15	49	1
127	15	60	1
128	15	68	1
129	15	69	1
130	15	73	1
131	15	87	1
132	16	49	1
133	16	54	1
134	16	55	1
135	16	71	1
136	16	81	1
137	16	86	1
138	16	89	1
139	17	20	1
140	17	21	1
141	17	33	1
142	17	49	1
143	17	66	1
144	17	80	1
145	17	82	1
146	17	85	1
147	18	21	1
148	18	24	1
149	18	46	1
150	18	48	1
151	18	64	1
152	18	74	1
153	18	79	1
154	18	82	1
155	18	84	1
156	19	35	1
157	19	37	1
158	19	46	1
159	19	48	1
160	19	51	1
161	19	53	1
162	19	57	1
163	19	69	1
164	19	87	1
165	20	54	1
166	20	78	1
167	21	23	1
168	21	24	1
169	21	31	1
170	21	51	1
171	21	53	1
172	21	62	1
173	21	65	1
174	21	73	1
175	21	74	1
176	21	78	1
177	21	83	1
178	21	85	1
179	22	24	1
180	22	27	1
181	22	63	1
182	22	77	1
183	23	29	1
184	23	32	1
185	23	52	1
186	23	71	1
187	23	81	1
188	23	88	1
189	24	26	1
190	24	28	1
191	24	34	1
192	24	35	1
193	24	48	1
194	24	52	1
195	24	56	1
196	24	66	1
197	24	67	1
198	24	75	1
199	25	29	1
200	25	36	1
201	25	38	1
202	25	53	1
203	25	57	1
204	25	78	1
205	25	80	1
206	25	86	1
207	26	32	1
208	26	33	1
209	26	41	1
210	26	56	1
211	26	62	1
212	26	65	1
213	26	73	1
214	26	77	1
215	26	78	1
216	26	80	1
217	27	33	1
218	27	36	1
219	27	41	1
220	27	49	1
221	27	58	1
222	28	44	1
223	28	53	1
224	28	85	1
225	28	87	1
226	29	57	1
227	29	60	1
228	29	66	1
229	29	73	1
230	29	79	1
231	29	84	1
232	29	85	1
233	30	31	1
234	30	33	1
235	30	52	1
236	30	58	1
237	30	60	1
238	31	48	1
239	31	53	1
240	31	62	1
241	31	73	1
242	31	80	1
243	32	52	1
244	32	60	1
245	32	62	1
246	32	66	1
247	32	75	1
248	32	79	1
249	32	81	1
250	32	88	1
251	33	36	1
252	33	52	1
253	33	56	1
254	33	59	1
255	33	81	1
256	34	39	1
257	34	58	1
258	34	60	1
259	34	65	1
260	34	66	1
261	34	88	1
262	35	46	1
263	35	79	1
264	36	38	1
265	36	50	1
266	36	56	1
267	36	73	1
268	37	51	1
269	37	52	1
270	37	65	1
271	37	68	1
272	37	75	1
273	37	79	1
274	37	84	1
275	38	39	1
276	38	49	1
277	38	59	1
278	38	66	1
279	38	75	1
280	38	81	1
281	39	53	1
282	39	54	1
283	39	62	1
284	39	63	1
285	40	47	1
286	40	48	1
287	40	51	1
288	40	59	1
289	40	72	1
290	41	52	1
291	41	55	1
292	41	59	1
293	41	66	1
294	41	75	1
295	41	81	1
296	41	84	1
297	41	89	1
298	42	86	1
299	43	45	1
300	43	51	1
301	43	62	1
302	43	65	1
303	43	67	1
304	43	74	1
305	44	57	1
306	44	69	1
307	44	70	1
308	44	72	1
309	44	77	1
310	44	84	1
311	45	47	1
312	45	56	1
313	45	61	1
314	45	67	1
315	45	68	1
316	45	69	1
317	45	79	1
318	45	82	1
319	46	56	1
320	46	76	1
321	47	49	1
322	47	58	1
323	47	64	1
324	47	76	1
325	48	60	1
326	48	63	1
327	48	82	1
328	48	83	1
329	49	63	1
330	49	64	1
331	49	67	1
332	50	51	1
333	50	54	1
334	50	58	1
335	50	60	1
336	50	70	1
337	50	81	1
338	50	83	1
339	50	87	1
340	51	58	1
341	51	70	1
342	51	72	1
343	51	84	1
344	52	68	1
345	53	64	1
346	53	65	1
347	54	56	1
348	55	71	1
349	55	76	1
350	55	81	1
351	56	60	1
352	56	63	1
353	56	65	1
354	56	81	1
355	57	67	1
356	57	70	1
357	57	71	1
358	57	72	1
359	58	69	1
360	58	77	1
361	58	82	1
362	58	88	1
363	59	68	1
364	59	85	1
365	60	75	1
366	60	77	1
367	60	80	1
368	60	89	1
369	61	64	1
370	61	74	1
371	61	89	1
372	62	69	1
373	62	89	1
374	63	71	1
375	63	73	1
376	63	77	1
377	63	87	1
378	64	81	1
379	64	84	1
380	65	75	1
381	65	79	1
382	65	87	1
383	66	67	1
384	67	77	1
385	68	72	1
386	68	83	1
387	68	89	1
388	70	82	1
389	70	89	1
390	71	72	1
391	71	89	1
392	73	80	1
393	74	75	1
394	74	76	1
395	74	79	1
396	74	80	1
397	74	81	1
398	75	86	1
399	76	78	1
400	76	87	1
401	77	81	1
402	78	79	1
403	78	89	1
404	81	82	1
405	81	86	1
406	84	89	1
