Link_index	Source	Destination	Capacity(kbps)
0	0	7	1
1	0	13	1
2	0	17	1
3	0	23	1
4	0	27	1
5	0	32	1
6	0	49	1
7	0	77	1
8	0	85	1
9	0	117	1
10	0	143	1
11	0	192	1
12	0	194	1
13	0	195	1
14	0	196	1
15	0	197	1
16	1	11	1
17	1	13	1
18	1	27	1
19	1	34	1
20	1	46	1
21	1	51	1
22	1	56	1
23	1	58	1
24	1	64	1
25	1	77	1
26	1	99	1
27	1	102	1
28	1	108	1
29	1	119	1
30	1	126	1
31	1	135	1
32	1	138	1
33	1	141	1
34	1	144	1
35	1	145	1
36	1	158	1
37	1	168	1
38	1	178	1
39	1	198	1
40	2	7	1
41	2	31	1
42	2	52	1
43	2	69	1
44	2	76	1
45	2	85	1
46	2	89	1
47	2	105	1
48	2	118	1
49	2	128	1
50	2	152	1
51	2	186	1
52	2	192	1
53	2	198	1
54	3	11	1
55	3	13	1
56	3	41	1
57	3	53	1
58	3	66	1
59	3	68	1
60	3	75	1
61	3	86	1
62	3	87	1
63	3	94	1
64	3	102	1
65	3	113	1
66	3	119	1
67	3	151	1
68	3	155	1
69	3	168	1
70	3	182	1
71	3	190	1
72	4	11	1
73	4	43	1
74	4	59	1
75	4	70	1
76	4	84	1
77	4	86	1
78	4	88	1
79	4	115	1
80	4	130	1
81	4	147	1
82	4	166	1
83	4	170	1
84	4	179	1
85	4	182	1
86	4	190	1
87	4	196	1
88	4	198	1
89	5	14	1
90	5	16	1
91	5	21	1
92	5	33	1
93	5	38	1
94	5	40	1
95	5	44	1
96	5	50	1
97	5	53	1
98	5	60	1
99	5	76	1
100	5	78	1
101	5	82	1
102	5	83	1
103	5	86	1
104	5	88	1
105	5	92	1
106	5	98	1
107	5	119	1
108	5	122	1
109	5	129	1
110	5	130	1
111	5	144	1
112	5	156	1
113	5	159	1
114	5	161	1
115	5	174	1
116	5	182	1
117	6	12	1
118	6	14	1
119	6	30	1
120	6	33	1
121	6	43	1
122	6	49	1
123	6	60	1
124	6	71	1
125	6	79	1
126	6	84	1
127	6	87	1
128	6	90	1
129	6	113	1
130	6	122	1
131	6	124	1
132	6	138	1
133	6	140	1
134	6	144	1
135	6	157	1
136	6	168	1
137	6	170	1
138	6	177	1
139	6	185	1
140	6	191	1
141	6	193	1
142	7	21	1
143	7	43	1
144	7	44	1
145	7	54	1
146	7	60	1
147	7	63	1
148	7	79	1
149	7	80	1
150	7	82	1
151	7	88	1
152	7	107	1
153	7	109	1
154	7	117	1
155	7	120	1
156	7	124	1
157	7	131	1
158	7	132	1
159	7	142	1
160	7	153	1
161	7	167	1
162	7	180	1
163	7	199	1
164	8	11	1
165	8	12	1
166	8	21	1
167	8	27	1
168	8	41	1
169	8	45	1
170	8	67	1
171	8	68	1
172	8	76	1
173	8	77	1
174	8	78	1
175	8	105	1
176	8	109	1
177	8	124	1
178	8	125	1
179	8	136	1
180	8	137	1
181	8	147	1
182	8	170	1
183	8	171	1
184	8	177	1
185	8	187	1
186	9	15	1
187	9	25	1
188	9	28	1
189	9	31	1
190	9	39	1
191	9	47	1
192	9	50	1
193	9	51	1
194	9	61	1
195	9	107	1
196	9	108	1
197	9	115	1
198	9	129	1
199	9	142	1
200	9	144	1
201	9	152	1
202	9	153	1
203	9	161	1
204	9	191	1
205	9	198	1
206	10	19	1
207	10	21	1
208	10	22	1
209	10	25	1
210	10	44	1
211	10	69	1
212	10	90	1
213	10	92	1
214	10	97	1
215	10	132	1
216	10	139	1
217	10	146	1
218	10	148	1
219	10	156	1
220	10	166	1
221	10	170	1
222	10	171	1
223	10	174	1
224	10	182	1
225	10	193	1
226	10	194	1
227	11	16	1
228	11	39	1
229	11	58	1
230	11	65	1
231	11	75	1
232	11	76	1
233	11	82	1
234	11	90	1
235	11	125	1
236	11	129	1
237	11	139	1
238	11	142	1
239	11	145	1
240	11	152	1
241	11	166	1
242	11	184	1
243	11	186	1
244	11	193	1
245	11	196	1
246	12	43	1
247	12	54	1
248	12	69	1
249	12	74	1
250	12	121	1
251	12	153	1
252	12	160	1
253	12	165	1
254	12	171	1
255	12	182	1
256	12	188	1
257	12	192	1
258	13	25	1
259	13	28	1
260	13	35	1
261	13	37	1
262	13	45	1
263	13	61	1
264	13	68	1
265	13	72	1
266	13	82	1
267	13	83	1
268	13	85	1
269	13	99	1
270	13	107	1
271	13	127	1
272	13	138	1
273	13	143	1
274	13	160	1
275	13	165	1
276	13	177	1
277	14	16	1
278	14	17	1
279	14	19	1
280	14	41	1
281	14	58	1
282	14	65	1
283	14	79	1
284	14	90	1
285	14	103	1
286	14	104	1
287	14	109	1
288	14	111	1
289	14	118	1
290	14	124	1
291	14	128	1
292	14	144	1
293	14	145	1
294	14	157	1
295	14	171	1
296	14	184	1
297	14	185	1
298	14	189	1
299	15	19	1
300	15	58	1
301	15	74	1
302	15	86	1
303	15	94	1
304	15	97	1
305	15	101	1
306	15	106	1
307	15	120	1
308	15	121	1
309	15	133	1
310	15	145	1
311	15	146	1
312	15	185	1
313	15	193	1
314	16	37	1
315	16	56	1
316	16	84	1
317	16	87	1
318	16	95	1
319	16	96	1
320	16	104	1
321	16	105	1
322	16	107	1
323	16	113	1
324	16	121	1
325	16	127	1
326	16	131	1
327	16	132	1
328	16	139	1
329	16	176	1
330	16	178	1
331	16	179	1
332	16	183	1
333	16	187	1
334	17	24	1
335	17	51	1
336	17	52	1
337	17	61	1
338	17	66	1
339	17	72	1
340	17	87	1
341	17	96	1
342	17	101	1
343	17	103	1
344	17	110	1
345	17	116	1
346	17	167	1
347	17	183	1
348	17	191	1
349	18	44	1
350	18	60	1
351	18	84	1
352	18	88	1
353	18	97	1
354	18	109	1
355	18	117	1
356	18	120	1
357	18	127	1
358	18	131	1
359	18	150	1
360	18	153	1
361	18	157	1
362	18	167	1
363	18	173	1
364	18	188	1
365	18	198	1
366	18	199	1
367	19	55	1
368	19	57	1
369	19	65	1
370	19	71	1
371	19	77	1
372	19	84	1
373	19	98	1
374	19	110	1
375	19	125	1
376	19	133	1
377	19	135	1
378	19	136	1
379	19	141	1
380	19	147	1
381	19	161	1
382	19	169	1
383	19	172	1
384	19	178	1
385	19	187	1
386	19	189	1
387	20	35	1
388	20	45	1
389	20	56	1
390	20	59	1
391	20	61	1
392	20	85	1
393	20	86	1
394	20	118	1
395	20	125	1
396	20	134	1
397	20	135	1
398	20	152	1
399	20	158	1
400	20	164	1
401	20	193	1
402	21	24	1
403	21	32	1
404	21	58	1
405	21	71	1
406	21	77	1
407	21	83	1
408	21	115	1
409	21	128	1
410	21	136	1
411	21	153	1
412	21	160	1
413	21	179	1
414	21	192	1
415	21	194	1
416	21	196	1
417	22	25	1
418	22	37	1
419	22	47	1
420	22	71	1
421	22	87	1
422	22	96	1
423	22	136	1
424	22	169	1
425	22	170	1
426	22	175	1
427	22	179	1
428	22	180	1
429	22	181	1
430	22	182	1
431	22	191	1
432	23	32	1
433	23	56	1
434	23	64	1
435	23	85	1
436	23	106	1
437	23	125	1
438	23	150	1
439	23	154	1
440	23	172	1
441	23	175	1
442	24	35	1
443	24	49	1
444	24	56	1
445	24	66	1
446	24	79	1
447	24	80	1
448	24	83	1
449	24	91	1
450	24	122	1
451	24	123	1
452	24	135	1
453	24	154	1
454	24	165	1
455	24	168	1
456	24	186	1
457	24	191	1
458	25	36	1
459	25	39	1
460	25	63	1
461	25	92	1
462	25	104	1
463	25	105	1
464	25	109	1
465	25	119	1
466	25	127	1
467	25	134	1
468	25	136	1
469	25	137	1
470	25	140	1
471	25	142	1
472	25	143	1
473	25	145	1
474	25	149	1
475	25	151	1
476	25	156	1
477	25	176	1
478	25	188	1
479	25	195	1
480	26	30	1
481	26	36	1
482	26	42	1
483	26	52	1
484	26	68	1
485	26	81	1
486	26	86	1
487	26	94	1
488	26	108	1
489	26	109	1
490	26	113	1
491	26	125	1
492	26	133	1
493	26	143	1
494	26	146	1
495	26	156	1
496	26	158	1
497	26	161	1
498	26	163	1
499	26	167	1
500	26	168	1
501	26	188	1
502	26	189	1
503	26	195	1
504	27	30	1
505	27	32	1
506	27	41	1
507	27	75	1
508	27	76	1
509	27	91	1
510	27	96	1
511	27	98	1
512	27	105	1
513	27	111	1
514	27	116	1
515	27	117	1
516	27	119	1
517	27	134	1
518	27	140	1
519	27	159	1
520	27	176	1
521	27	179	1
522	27	180	1
523	27	186	1
524	27	192	1
525	28	30	1
526	28	49	1
527	28	56	1
528	28	64	1
529	28	70	1
530	28	77	1
531	28	79	1
532	28	84	1
533	28	87	1
534	28	88	1
535	28	109	1
536	28	112	1
537	28	136	1
538	28	148	1
539	28	150	1
540	28	151	1
541	28	154	1
542	28	174	1
543	29	73	1
544	29	94	1
545	29	95	1
546	29	99	1
547	29	100	1
548	29	103	1
549	29	108	1
550	29	116	1
551	29	159	1
552	29	164	1
553	29	175	1
554	29	177	1
555	29	195	1
556	30	33	1
557	30	50	1
558	30	52	1
559	30	68	1
560	30	79	1
561	30	81	1
562	30	83	1
563	30	118	1
564	30	135	1
565	30	158	1
566	30	169	1
567	30	172	1
568	30	173	1
569	30	174	1
570	30	181	1
571	30	192	1
572	30	198	1
573	31	36	1
574	31	39	1
575	31	45	1
576	31	53	1
577	31	57	1
578	31	65	1
579	31	66	1
580	31	74	1
581	31	81	1
582	31	82	1
583	31	97	1
584	31	98	1
585	31	101	1
586	31	105	1
587	31	107	1
588	31	120	1
589	31	121	1
590	31	135	1
591	31	138	1
592	31	139	1
593	31	141	1
594	31	151	1
595	31	175	1
596	32	38	1
597	32	39	1
598	32	42	1
599	32	45	1
600	32	50	1
601	32	52	1
602	32	55	1
603	32	60	1
604	32	88	1
605	32	103	1
606	32	110	1
607	32	158	1
608	32	165	1
609	32	182	1
610	33	41	1
611	33	68	1
612	33	77	1
613	33	79	1
614	33	96	1
615	33	102	1
616	33	117	1
617	33	120	1
618	33	121	1
619	33	132	1
620	33	137	1
621	33	140	1
622	33	141	1
623	33	147	1
624	33	155	1
625	33	168	1
626	33	170	1
627	33	177	1
628	33	189	1
629	33	199	1
630	34	39	1
631	34	42	1
632	34	46	1
633	34	81	1
634	34	87	1
635	34	88	1
636	34	89	1
637	34	92	1
638	34	111	1
639	34	117	1
640	34	127	1
641	34	148	1
642	34	151	1
643	34	158	1
644	34	160	1
645	34	166	1
646	35	39	1
647	35	78	1
648	35	80	1
649	35	81	1
650	35	89	1
651	35	113	1
652	35	114	1
653	35	160	1
654	35	161	1
655	35	188	1
656	36	38	1
657	36	53	1
658	36	55	1
659	36	69	1
660	36	71	1
661	36	86	1
662	36	92	1
663	36	111	1
664	36	116	1
665	36	118	1
666	36	120	1
667	36	153	1
668	36	173	1
669	36	180	1
670	36	196	1
671	37	46	1
672	37	63	1
673	37	93	1
674	37	98	1
675	37	100	1
676	37	107	1
677	37	129	1
678	37	142	1
679	37	149	1
680	37	167	1
681	37	169	1
682	37	186	1
683	37	199	1
684	38	41	1
685	38	50	1
686	38	66	1
687	38	71	1
688	38	79	1
689	38	86	1
690	38	124	1
691	38	164	1
692	38	183	1
693	38	186	1
694	39	40	1
695	39	54	1
696	39	62	1
697	39	123	1
698	39	124	1
699	39	134	1
700	39	140	1
701	39	158	1
702	39	165	1
703	39	172	1
704	39	183	1
705	40	52	1
706	40	54	1
707	40	59	1
708	40	64	1
709	40	75	1
710	40	76	1
711	40	99	1
712	40	142	1
713	40	145	1
714	40	146	1
715	40	153	1
716	40	169	1
717	40	173	1
718	40	183	1
719	40	185	1
720	41	52	1
721	41	72	1
722	41	84	1
723	41	94	1
724	41	98	1
725	41	108	1
726	41	121	1
727	41	140	1
728	41	156	1
729	41	162	1
730	41	192	1
731	41	199	1
732	42	54	1
733	42	58	1
734	42	59	1
735	42	63	1
736	42	66	1
737	42	74	1
738	42	75	1
739	42	77	1
740	42	95	1
741	42	101	1
742	42	104	1
743	42	125	1
744	42	130	1
745	42	141	1
746	42	152	1
747	42	167	1
748	42	179	1
749	42	188	1
750	42	198	1
751	43	79	1
752	43	89	1
753	43	92	1
754	43	93	1
755	43	98	1
756	43	102	1
757	43	120	1
758	43	131	1
759	43	144	1
760	43	153	1
761	43	176	1
762	43	180	1
763	44	56	1
764	44	81	1
765	44	93	1
766	44	97	1
767	44	100	1
768	44	129	1
769	44	148	1
770	44	158	1
771	44	172	1
772	44	180	1
773	44	190	1
774	44	197	1
775	45	46	1
776	45	47	1
777	45	68	1
778	45	76	1
779	45	84	1
780	45	106	1
781	45	108	1
782	45	110	1
783	45	115	1
784	45	122	1
785	45	144	1
786	45	150	1
787	45	159	1
788	45	175	1
789	45	176	1
790	45	193	1
791	46	56	1
792	46	63	1
793	46	68	1
794	46	95	1
795	46	101	1
796	46	109	1
797	46	128	1
798	46	148	1
799	46	149	1
800	46	183	1
801	46	195	1
802	47	50	1
803	47	79	1
804	47	94	1
805	47	115	1
806	47	116	1
807	47	126	1
808	47	130	1
809	47	137	1
810	47	140	1
811	47	152	1
812	47	154	1
813	47	163	1
814	47	173	1
815	47	175	1
816	47	181	1
817	47	199	1
818	48	68	1
819	48	84	1
820	48	100	1
821	48	110	1
822	48	113	1
823	48	114	1
824	48	125	1
825	48	133	1
826	48	135	1
827	48	153	1
828	48	158	1
829	48	161	1
830	48	169	1
831	48	173	1
832	48	176	1
833	48	195	1
834	49	50	1
835	49	56	1
836	49	82	1
837	49	94	1
838	49	104	1
839	49	115	1
840	49	116	1
841	49	120	1
842	49	130	1
843	49	132	1
844	49	136	1
845	49	142	1
846	49	166	1
847	49	178	1
848	49	195	1
849	50	64	1
850	50	77	1
851	50	81	1
852	50	95	1
853	50	104	1
854	50	105	1
855	50	133	1
856	50	136	1
857	50	149	1
858	50	160	1
859	50	167	1
860	50	174	1
861	50	188	1
862	50	199	1
863	51	56	1
864	51	58	1
865	51	67	1
866	51	73	1
867	51	118	1
868	51	133	1
869	51	142	1
870	51	143	1
871	51	144	1
872	51	157	1
873	51	179	1
874	51	187	1
875	51	198	1
876	52	60	1
877	52	66	1
878	52	67	1
879	52	79	1
880	52	83	1
881	52	87	1
882	52	113	1
883	52	126	1
884	52	140	1
885	52	141	1
886	52	144	1
887	52	170	1
888	52	190	1
889	53	59	1
890	53	61	1
891	53	77	1
892	53	89	1
893	53	95	1
894	53	96	1
895	53	107	1
896	53	111	1
897	53	116	1
898	53	117	1
899	53	119	1
900	53	134	1
901	53	142	1
902	53	147	1
903	53	149	1
904	53	151	1
905	53	171	1
906	53	172	1
907	53	194	1
908	54	65	1
909	54	67	1
910	54	69	1
911	54	102	1
912	54	113	1
913	54	129	1
914	54	133	1
915	54	142	1
916	54	148	1
917	54	165	1
918	54	166	1
919	54	176	1
920	54	188	1
921	54	191	1
922	54	192	1
923	54	197	1
924	55	75	1
925	55	80	1
926	55	82	1
927	55	95	1
928	55	103	1
929	55	104	1
930	55	114	1
931	55	128	1
932	55	139	1
933	55	153	1
934	55	158	1
935	55	159	1
936	55	161	1
937	55	169	1
938	55	178	1
939	55	192	1
940	55	193	1
941	55	195	1
942	56	57	1
943	56	82	1
944	56	83	1
945	56	89	1
946	56	91	1
947	56	116	1
948	56	120	1
949	56	128	1
950	56	131	1
951	56	141	1
952	56	153	1
953	57	76	1
954	57	97	1
955	57	101	1
956	57	110	1
957	57	118	1
958	57	119	1
959	57	123	1
960	57	131	1
961	57	139	1
962	57	148	1
963	57	149	1
964	57	157	1
965	57	158	1
966	57	181	1
967	57	197	1
968	58	60	1
969	58	64	1
970	58	65	1
971	58	71	1
972	58	102	1
973	58	110	1
974	58	118	1
975	58	130	1
976	58	140	1
977	58	147	1
978	58	150	1
979	58	154	1
980	58	158	1
981	58	168	1
982	58	175	1
983	58	193	1
984	58	197	1
985	59	68	1
986	59	74	1
987	59	75	1
988	59	102	1
989	59	117	1
990	59	127	1
991	59	134	1
992	59	138	1
993	59	145	1
994	59	175	1
995	59	181	1
996	59	183	1
997	60	76	1
998	60	81	1
999	60	109	1
1000	60	118	1
1001	60	130	1
1002	60	146	1
1003	60	172	1
1004	60	177	1
1005	60	190	1
1006	60	194	1
1007	61	69	1
1008	61	85	1
1009	61	86	1
1010	61	109	1
1011	61	118	1
1012	61	129	1
1013	61	174	1
1014	61	179	1
1015	61	180	1
1016	61	187	1
1017	61	192	1
1018	61	199	1
1019	62	75	1
1020	62	84	1
1021	62	86	1
1022	62	108	1
1023	62	115	1
1024	62	125	1
1025	62	129	1
1026	62	142	1
1027	62	148	1
1028	62	160	1
1029	62	161	1
1030	62	167	1
1031	63	72	1
1032	63	82	1
1033	63	96	1
1034	63	128	1
1035	63	138	1
1036	63	139	1
1037	63	149	1
1038	63	152	1
1039	63	164	1
1040	63	165	1
1041	63	167	1
1042	63	187	1
1043	64	83	1
1044	64	90	1
1045	64	103	1
1046	64	104	1
1047	64	108	1
1048	64	111	1
1049	64	135	1
1050	64	154	1
1051	64	159	1
1052	64	165	1
1053	64	169	1
1054	64	170	1
1055	64	175	1
1056	64	182	1
1057	64	192	1
1058	64	195	1
1059	65	99	1
1060	65	111	1
1061	65	113	1
1062	65	114	1
1063	65	136	1
1064	65	137	1
1065	65	149	1
1066	65	153	1
1067	65	154	1
1068	65	155	1
1069	65	158	1
1070	65	163	1
1071	65	173	1
1072	65	182	1
1073	65	184	1
1074	65	195	1
1075	65	197	1
1076	66	71	1
1077	66	73	1
1078	66	78	1
1079	66	82	1
1080	66	86	1
1081	66	123	1
1082	66	132	1
1083	66	137	1
1084	66	149	1
1085	66	157	1
1086	66	164	1
1087	66	195	1
1088	67	70	1
1089	67	73	1
1090	67	77	1
1091	67	100	1
1092	67	107	1
1093	67	121	1
1094	67	158	1
1095	67	177	1
1096	67	184	1
1097	67	189	1
1098	67	197	1
1099	68	69	1
1100	68	78	1
1101	68	85	1
1102	68	90	1
1103	68	123	1
1104	68	166	1
1105	68	192	1
1106	68	198	1
1107	69	78	1
1108	69	93	1
1109	69	115	1
1110	69	117	1
1111	69	118	1
1112	69	123	1
1113	69	134	1
1114	69	145	1
1115	69	154	1
1116	69	155	1
1117	69	159	1
1118	69	166	1
1119	69	172	1
1120	69	177	1
1121	69	180	1
1122	69	189	1
1123	69	196	1
1124	70	74	1
1125	70	84	1
1126	70	103	1
1127	70	128	1
1128	70	132	1
1129	70	133	1
1130	70	136	1
1131	70	141	1
1132	70	145	1
1133	70	150	1
1134	70	151	1
1135	70	159	1
1136	70	169	1
1137	70	170	1
1138	70	174	1
1139	70	189	1
1140	71	125	1
1141	71	140	1
1142	71	149	1
1143	71	152	1
1144	71	158	1
1145	71	174	1
1146	71	180	1
1147	71	190	1
1148	71	198	1
1149	72	98	1
1150	72	101	1
1151	72	105	1
1152	72	106	1
1153	72	123	1
1154	72	136	1
1155	72	141	1
1156	72	145	1
1157	72	148	1
1158	72	149	1
1159	72	163	1
1160	72	173	1
1161	72	186	1
1162	72	188	1
1163	73	76	1
1164	73	89	1
1165	73	93	1
1166	73	106	1
1167	73	119	1
1168	73	134	1
1169	73	135	1
1170	73	140	1
1171	73	143	1
1172	73	148	1
1173	73	155	1
1174	73	162	1
1175	73	173	1
1176	73	175	1
1177	73	194	1
1178	73	196	1
1179	74	79	1
1180	74	83	1
1181	74	91	1
1182	74	95	1
1183	74	99	1
1184	74	105	1
1185	74	111	1
1186	74	130	1
1187	74	137	1
1188	74	141	1
1189	74	145	1
1190	74	152	1
1191	74	167	1
1192	74	192	1
1193	74	195	1
1194	74	199	1
1195	75	88	1
1196	75	95	1
1197	75	118	1
1198	75	127	1
1199	75	128	1
1200	75	137	1
1201	75	139	1
1202	75	144	1
1203	75	146	1
1204	75	159	1
1205	75	160	1
1206	75	167	1
1207	75	171	1
1208	75	172	1
1209	75	187	1
1210	75	198	1
1211	76	88	1
1212	76	92	1
1213	76	96	1
1214	76	134	1
1215	76	136	1
1216	76	150	1
1217	76	151	1
1218	76	155	1
1219	76	156	1
1220	76	166	1
1221	76	176	1
1222	76	183	1
1223	76	194	1
1224	77	83	1
1225	77	92	1
1226	77	100	1
1227	77	108	1
1228	77	128	1
1229	77	130	1
1230	77	133	1
1231	77	147	1
1232	77	158	1
1233	77	164	1
1234	77	168	1
1235	77	176	1
1236	77	189	1
1237	77	190	1
1238	78	83	1
1239	78	91	1
1240	78	92	1
1241	78	110	1
1242	78	113	1
1243	78	115	1
1244	78	121	1
1245	78	137	1
1246	78	143	1
1247	78	144	1
1248	78	155	1
1249	78	159	1
1250	78	165	1
1251	78	171	1
1252	78	187	1
1253	78	198	1
1254	79	80	1
1255	79	89	1
1256	79	98	1
1257	79	101	1
1258	79	110	1
1259	79	115	1
1260	79	124	1
1261	79	128	1
1262	79	149	1
1263	79	157	1
1264	79	161	1
1265	79	166	1
1266	79	198	1
1267	80	83	1
1268	80	85	1
1269	80	87	1
1270	80	88	1
1271	80	106	1
1272	80	111	1
1273	80	113	1
1274	80	119	1
1275	80	131	1
1276	80	159	1
1277	80	165	1
1278	80	166	1
1279	80	167	1
1280	80	172	1
1281	80	174	1
1282	80	191	1
1283	81	85	1
1284	81	90	1
1285	81	94	1
1286	81	101	1
1287	81	106	1
1288	81	108	1
1289	81	110	1
1290	81	112	1
1291	81	115	1
1292	81	128	1
1293	81	141	1
1294	81	145	1
1295	81	148	1
1296	81	152	1
1297	81	162	1
1298	81	163	1
1299	81	164	1
1300	81	174	1
1301	81	177	1
1302	81	178	1
1303	81	186	1
1304	82	89	1
1305	82	90	1
1306	82	114	1
1307	82	118	1
1308	82	124	1
1309	82	144	1
1310	82	160	1
1311	82	175	1
1312	82	185	1
1313	82	191	1
1314	83	101	1
1315	83	105	1
1316	83	120	1
1317	83	124	1
1318	83	150	1
1319	83	164	1
1320	83	191	1
1321	84	97	1
1322	84	114	1
1323	84	126	1
1324	84	132	1
1325	84	133	1
1326	84	154	1
1327	84	156	1
1328	84	161	1
1329	84	170	1
1330	84	179	1
1331	84	192	1
1332	84	197	1
1333	84	198	1
1334	85	89	1
1335	85	90	1
1336	85	98	1
1337	85	112	1
1338	85	118	1
1339	85	127	1
1340	85	129	1
1341	85	132	1
1342	85	136	1
1343	85	165	1
1344	85	171	1
1345	85	174	1
1346	85	183	1
1347	86	88	1
1348	86	97	1
1349	86	145	1
1350	86	147	1
1351	86	149	1
1352	86	172	1
1353	86	188	1
1354	86	195	1
1355	87	92	1
1356	87	120	1
1357	87	123	1
1358	87	128	1
1359	87	136	1
1360	87	151	1
1361	87	155	1
1362	87	162	1
1363	87	166	1
1364	87	170	1
1365	87	172	1
1366	87	174	1
1367	87	181	1
1368	87	183	1
1369	88	92	1
1370	88	95	1
1371	88	99	1
1372	88	135	1
1373	88	143	1
1374	88	172	1
1375	88	195	1
1376	89	110	1
1377	89	114	1
1378	89	132	1
1379	89	152	1
1380	89	173	1
1381	89	174	1
1382	89	177	1
1383	89	190	1
1384	90	109	1
1385	90	112	1
1386	90	117	1
1387	90	130	1
1388	90	131	1
1389	90	135	1
1390	90	141	1
1391	90	146	1
1392	90	147	1
1393	90	161	1
1394	90	175	1
1395	90	193	1
1396	91	106	1
1397	91	113	1
1398	91	114	1
1399	91	127	1
1400	91	129	1
1401	91	132	1
1402	91	177	1
1403	91	193	1
1404	92	117	1
1405	92	120	1
1406	92	126	1
1407	92	148	1
1408	92	151	1
1409	93	100	1
1410	93	114	1
1411	93	115	1
1412	93	121	1
1413	93	138	1
1414	93	139	1
1415	93	143	1
1416	93	151	1
1417	93	157	1
1418	93	159	1
1419	93	162	1
1420	93	170	1
1421	93	179	1
1422	93	183	1
1423	93	196	1
1424	93	197	1
1425	94	109	1
1426	94	115	1
1427	94	123	1
1428	94	160	1
1429	94	170	1
1430	94	185	1
1431	94	191	1
1432	94	198	1
1433	95	120	1
1434	95	124	1
1435	95	126	1
1436	95	137	1
1437	95	147	1
1438	95	155	1
1439	95	197	1
1440	96	101	1
1441	96	104	1
1442	96	108	1
1443	96	123	1
1444	96	125	1
1445	96	126	1
1446	96	144	1
1447	96	149	1
1448	96	151	1
1449	96	157	1
1450	96	169	1
1451	96	180	1
1452	96	186	1
1453	96	198	1
1454	97	102	1
1455	97	122	1
1456	97	123	1
1457	97	131	1
1458	97	134	1
1459	97	146	1
1460	97	151	1
1461	97	159	1
1462	97	173	1
1463	98	107	1
1464	98	108	1
1465	98	114	1
1466	98	116	1
1467	98	117	1
1468	98	120	1
1469	98	128	1
1470	98	141	1
1471	98	143	1
1472	98	164	1
1473	98	185	1
1474	98	191	1
1475	98	195	1
1476	99	105	1
1477	99	138	1
1478	99	139	1
1479	99	140	1
1480	99	162	1
1481	99	167	1
1482	99	175	1
1483	99	177	1
1484	99	183	1
1485	99	191	1
1486	99	196	1
1487	100	103	1
1488	100	104	1
1489	100	124	1
1490	100	144	1
1491	100	158	1
1492	100	161	1
1493	100	163	1
1494	100	172	1
1495	100	179	1
1496	100	181	1
1497	100	191	1
1498	100	195	1
1499	101	121	1
1500	101	123	1
1501	101	135	1
1502	101	137	1
1503	101	145	1
1504	101	158	1
1505	101	160	1
1506	101	162	1
1507	101	166	1
1508	101	174	1
1509	101	179	1
1510	101	187	1
1511	102	103	1
1512	102	107	1
1513	102	115	1
1514	102	126	1
1515	102	131	1
1516	102	133	1
1517	102	139	1
1518	102	143	1
1519	102	144	1
1520	102	151	1
1521	102	165	1
1522	102	182	1
1523	102	198	1
1524	103	122	1
1525	103	146	1
1526	103	150	1
1527	103	156	1
1528	103	165	1
1529	103	182	1
1530	103	193	1
1531	103	199	1
1532	104	117	1
1533	104	126	1
1534	104	133	1
1535	104	134	1
1536	104	141	1
1537	104	142	1
1538	104	149	1
1539	104	152	1
1540	104	173	1
1541	104	192	1
1542	105	111	1
1543	105	114	1
1544	105	120	1
1545	105	128	1
1546	105	136	1
1547	105	144	1
1548	105	153	1
1549	105	170	1
1550	105	191	1
1551	105	198	1
1552	106	110	1
1553	106	113	1
1554	106	119	1
1555	106	146	1
1556	106	163	1
1557	106	166	1
1558	106	168	1
1559	106	179	1
1560	106	193	1
1561	106	196	1
1562	107	129	1
1563	107	132	1
1564	107	137	1
1565	107	138	1
1566	107	152	1
1567	107	154	1
1568	107	163	1
1569	107	182	1
1570	107	188	1
1571	107	189	1
1572	108	110	1
1573	108	121	1
1574	108	122	1
1575	108	123	1
1576	108	124	1
1577	108	132	1
1578	108	141	1
1579	108	145	1
1580	108	166	1
1581	108	169	1
1582	108	184	1
1583	108	188	1
1584	109	119	1
1585	109	127	1
1586	109	134	1
1587	109	153	1
1588	109	155	1
1589	109	159	1
1590	109	164	1
1591	109	193	1
1592	110	117	1
1593	110	143	1
1594	110	145	1
1595	110	158	1
1596	110	172	1
1597	110	181	1
1598	110	183	1
1599	110	188	1
1600	110	193	1
1601	110	194	1
1602	111	115	1
1603	111	121	1
1604	111	123	1
1605	111	125	1
1606	111	140	1
1607	111	162	1
1608	111	166	1
1609	111	167	1
1610	111	176	1
1611	111	190	1
1612	111	199	1
1613	112	117	1
1614	112	118	1
1615	112	122	1
1616	112	130	1
1617	112	145	1
1618	112	155	1
1619	112	159	1
1620	112	166	1
1621	112	168	1
1622	112	174	1
1623	112	185	1
1624	112	199	1
1625	113	120	1
1626	113	132	1
1627	113	138	1
1628	113	147	1
1629	113	162	1
1630	113	169	1
1631	113	178	1
1632	113	179	1
1633	113	199	1
1634	114	122	1
1635	114	129	1
1636	114	131	1
1637	114	146	1
1638	114	151	1
1639	114	152	1
1640	114	157	1
1641	114	166	1
1642	114	168	1
1643	114	170	1
1644	114	171	1
1645	114	180	1
1646	114	184	1
1647	114	185	1
1648	115	120	1
1649	115	121	1
1650	115	131	1
1651	115	133	1
1652	115	139	1
1653	115	146	1
1654	115	162	1
1655	115	166	1
1656	116	126	1
1657	116	151	1
1658	116	159	1
1659	116	192	1
1660	116	194	1
1661	117	121	1
1662	117	138	1
1663	117	146	1
1664	117	151	1
1665	117	174	1
1666	117	177	1
1667	117	181	1
1668	117	190	1
1669	117	192	1
1670	117	196	1
1671	117	199	1
1672	118	119	1
1673	118	120	1
1674	118	122	1
1675	118	127	1
1676	118	133	1
1677	118	148	1
1678	118	175	1
1679	118	179	1
1680	119	129	1
1681	119	132	1
1682	119	143	1
1683	119	154	1
1684	119	167	1
1685	119	170	1
1686	120	131	1
1687	120	135	1
1688	120	148	1
1689	120	151	1
1690	120	153	1
1691	120	160	1
1692	120	170	1
1693	120	175	1
1694	120	190	1
1695	121	137	1
1696	121	139	1
1697	121	140	1
1698	121	145	1
1699	121	158	1
1700	121	175	1
1701	121	176	1
1702	121	185	1
1703	121	196	1
1704	122	175	1
1705	122	185	1
1706	123	127	1
1707	123	135	1
1708	123	147	1
1709	123	154	1
1710	123	167	1
1711	123	174	1
1712	123	187	1
1713	123	189	1
1714	124	135	1
1715	124	147	1
1716	124	155	1
1717	124	163	1
1718	124	165	1
1719	124	172	1
1720	124	183	1
1721	125	136	1
1722	125	140	1
1723	125	154	1
1724	125	157	1
1725	125	170	1
1726	125	171	1
1727	125	180	1
1728	125	181	1
1729	125	184	1
1730	125	191	1
1731	125	197	1
1732	125	198	1
1733	126	127	1
1734	126	140	1
1735	126	150	1
1736	126	169	1
1737	126	170	1
1738	126	188	1
1739	126	191	1
1740	127	134	1
1741	127	147	1
1742	127	150	1
1743	127	152	1
1744	127	156	1
1745	127	165	1
1746	127	177	1
1747	127	181	1
1748	127	185	1
1749	127	186	1
1750	127	194	1
1751	128	130	1
1752	128	155	1
1753	128	166	1
1754	128	191	1
1755	129	140	1
1756	129	144	1
1757	129	148	1
1758	129	151	1
1759	129	156	1
1760	129	165	1
1761	129	180	1
1762	129	181	1
1763	129	184	1
1764	129	191	1
1765	129	199	1
1766	130	159	1
1767	130	164	1
1768	130	167	1
1769	130	185	1
1770	130	188	1
1771	130	199	1
1772	131	132	1
1773	131	136	1
1774	131	139	1
1775	131	155	1
1776	131	164	1
1777	131	170	1
1778	131	182	1
1779	132	139	1
1780	132	141	1
1781	132	150	1
1782	132	152	1
1783	132	158	1
1784	132	159	1
1785	132	168	1
1786	132	174	1
1787	132	176	1
1788	132	178	1
1789	132	179	1
1790	132	180	1
1791	132	185	1
1792	132	191	1
1793	133	136	1
1794	133	137	1
1795	133	139	1
1796	133	141	1
1797	133	146	1
1798	133	158	1
1799	133	160	1
1800	133	167	1
1801	134	136	1
1802	134	138	1
1803	134	151	1
1804	134	152	1
1805	134	153	1
1806	134	159	1
1807	134	187	1
1808	134	195	1
1809	135	137	1
1810	135	138	1
1811	135	152	1
1812	135	155	1
1813	135	169	1
1814	135	192	1
1815	135	194	1
1816	135	195	1
1817	135	199	1
1818	136	138	1
1819	136	144	1
1820	136	145	1
1821	136	147	1
1822	136	186	1
1823	136	198	1
1824	137	140	1
1825	137	144	1
1826	137	188	1
1827	137	191	1
1828	138	143	1
1829	138	151	1
1830	138	176	1
1831	139	151	1
1832	139	159	1
1833	139	169	1
1834	139	180	1
1835	139	181	1
1836	139	183	1
1837	139	184	1
1838	140	174	1
1839	140	177	1
1840	140	195	1
1841	141	158	1
1842	141	162	1
1843	141	165	1
1844	141	172	1
1845	141	198	1
1846	142	145	1
1847	142	149	1
1848	142	154	1
1849	142	155	1
1850	142	158	1
1851	142	160	1
1852	142	165	1
1853	142	166	1
1854	142	172	1
1855	142	175	1
1856	142	196	1
1857	143	157	1
1858	143	161	1
1859	143	167	1
1860	143	191	1
1861	143	193	1
1862	144	145	1
1863	144	183	1
1864	144	192	1
1865	144	193	1
1866	145	159	1
1867	145	160	1
1868	145	162	1
1869	145	164	1
1870	145	166	1
1871	145	167	1
1872	145	170	1
1873	145	181	1
1874	145	196	1
1875	146	158	1
1876	146	160	1
1877	146	163	1
1878	146	171	1
1879	147	171	1
1880	147	175	1
1881	147	179	1
1882	147	187	1
1883	147	191	1
1884	147	194	1
1885	148	158	1
1886	148	167	1
1887	148	183	1
1888	148	184	1
1889	149	167	1
1890	149	178	1
1891	149	182	1
1892	150	175	1
1893	150	195	1
1894	150	197	1
1895	151	185	1
1896	151	195	1
1897	152	159	1
1898	152	162	1
1899	152	187	1
1900	152	188	1
1901	152	191	1
1902	153	160	1
1903	153	186	1
1904	153	191	1
1905	153	196	1
1906	154	155	1
1907	154	170	1
1908	155	170	1
1909	155	186	1
1910	155	188	1
1911	155	191	1
1912	156	159	1
1913	156	160	1
1914	156	177	1
1915	156	180	1
1916	157	162	1
1917	157	167	1
1918	158	186	1
1919	158	192	1
1920	158	199	1
1921	159	160	1
1922	159	169	1
1923	159	175	1
1924	159	179	1
1925	159	180	1
1926	159	186	1
1927	159	189	1
1928	159	194	1
1929	159	197	1
1930	160	167	1
1931	160	184	1
1932	160	186	1
1933	160	193	1
1934	161	171	1
1935	161	185	1
1936	161	193	1
1937	162	177	1
1938	162	179	1
1939	162	183	1
1940	162	194	1
1941	163	191	1
1942	163	195	1
1943	163	197	1
1944	164	169	1
1945	164	174	1
1946	164	188	1
1947	164	191	1
1948	165	174	1
1949	165	178	1
1950	165	187	1
1951	165	189	1
1952	166	169	1
1953	166	183	1
1954	167	170	1
1955	167	193	1
1956	168	171	1
1957	168	178	1
1958	169	199	1
1959	170	175	1
1960	170	186	1
1961	170	199	1
1962	171	184	1
1963	172	173	1
1964	172	192	1
1965	172	198	1
1966	173	176	1
1967	173	180	1
1968	173	188	1
1969	173	192	1
1970	174	187	1
1971	177	198	1
1972	178	183	1
1973	178	186	1
1974	179	180	1
1975	179	182	1
1976	179	188	1
1977	179	195	1
1978	179	198	1
1979	179	199	1
1980	180	182	1
1981	180	188	1
1982	180	189	1
1983	180	191	1
1984	180	193	1
1985	181	191	1
1986	181	197	1
1987	183	188	1
1988	184	186	1
1989	184	188	1
1990	187	189	1
1991	188	199	1
1992	189	193	1
1993	189	195	1
1994	190	195	1
1995	190	198	1
1996	191	194	1
1997	192	198	1
1998	197	198	1
