Link_index	Source	Destination	Capacity(kbps)
0	0	5	1
1	0	13	1
2	0	20	1
3	0	29	1
4	0	32	1
5	0	52	1
6	0	54	1
7	0	70	1
8	0	99	1
9	1	9	1
10	1	19	1
11	1	21	1
12	1	26	1
13	1	34	1
14	1	37	1
15	1	39	1
16	1	43	1
17	1	52	1
18	1	56	1
19	1	95	1
20	2	21	1
21	2	22	1
22	2	24	1
23	2	43	1
24	2	46	1
25	2	48	1
26	2	51	1
27	2	66	1
28	2	91	1
29	3	10	1
30	3	12	1
31	3	13	1
32	3	27	1
33	3	31	1
34	3	36	1
35	3	40	1
36	3	47	1
37	3	56	1
38	3	58	1
39	3	79	1
40	3	84	1
41	3	87	1
42	3	97	1
43	4	45	1
44	4	57	1
45	4	61	1
46	4	71	1
47	4	96	1
48	5	23	1
49	5	25	1
50	5	54	1
51	5	57	1
52	5	87	1
53	5	88	1
54	5	99	1
55	6	8	1
56	6	9	1
57	6	21	1
58	6	22	1
59	6	25	1
60	6	48	1
61	6	50	1
62	6	55	1
63	6	72	1
64	6	73	1
65	6	74	1
66	6	77	1
67	6	89	1
68	6	92	1
69	6	95	1
70	7	18	1
71	7	31	1
72	7	34	1
73	7	35	1
74	7	36	1
75	7	52	1
76	7	60	1
77	7	84	1
78	7	90	1
79	7	96	1
80	8	20	1
81	8	34	1
82	8	49	1
83	8	79	1
84	8	93	1
85	9	31	1
86	9	37	1
87	9	40	1
88	9	57	1
89	9	74	1
90	10	14	1
91	10	43	1
92	10	44	1
93	10	52	1
94	10	59	1
95	10	60	1
96	11	13	1
97	11	17	1
98	11	20	1
99	11	21	1
100	11	22	1
101	11	36	1
102	11	42	1
103	11	61	1
104	11	66	1
105	11	75	1
106	11	82	1
107	11	84	1
108	11	89	1
109	11	97	1
110	12	26	1
111	12	35	1
112	12	47	1
113	12	55	1
114	12	59	1
115	12	66	1
116	12	99	1
117	13	41	1
118	13	55	1
119	13	64	1
120	13	80	1
121	13	96	1
122	14	18	1
123	14	19	1
124	14	45	1
125	14	49	1
126	14	60	1
127	14	63	1
128	14	78	1
129	14	92	1
130	15	26	1
131	15	30	1
132	15	31	1
133	15	36	1
134	15	59	1
135	15	62	1
136	15	69	1
137	15	93	1
138	15	98	1
139	16	33	1
140	16	60	1
141	16	69	1
142	16	76	1
143	16	94	1
144	17	20	1
145	17	28	1
146	17	34	1
147	17	39	1
148	17	48	1
149	17	60	1
150	17	63	1
151	17	65	1
152	17	68	1
153	17	71	1
154	17	79	1
155	17	84	1
156	18	21	1
157	18	29	1
158	18	41	1
159	18	54	1
160	18	55	1
161	19	24	1
162	19	27	1
163	19	44	1
164	19	50	1
165	19	52	1
166	19	65	1
167	19	67	1
168	19	83	1
169	19	92	1
170	19	93	1
171	20	39	1
172	20	40	1
173	20	46	1
174	20	68	1
175	21	24	1
176	21	60	1
177	21	68	1
178	21	82	1
179	21	92	1
180	21	94	1
181	21	98	1
182	22	27	1
183	22	31	1
184	22	34	1
185	22	37	1
186	22	38	1
187	22	52	1
188	22	76	1
189	22	78	1
190	22	87	1
191	22	88	1
192	22	92	1
193	23	25	1
194	23	60	1
195	23	89	1
196	23	97	1
197	24	25	1
198	24	34	1
199	24	41	1
200	24	70	1
201	24	76	1
202	24	85	1
203	24	92	1
204	24	97	1
205	25	29	1
206	25	40	1
207	25	42	1
208	25	47	1
209	25	49	1
210	25	52	1
211	25	63	1
212	25	64	1
213	25	76	1
214	25	77	1
215	25	86	1
216	25	94	1
217	26	29	1
218	26	50	1
219	26	82	1
220	26	83	1
221	27	48	1
222	27	73	1
223	27	82	1
224	27	84	1
225	28	33	1
226	28	38	1
227	28	56	1
228	28	64	1
229	28	67	1
230	28	69	1
231	28	72	1
232	28	87	1
233	28	92	1
234	28	97	1
235	29	35	1
236	29	43	1
237	29	48	1
238	29	57	1
239	29	64	1
240	29	75	1
241	29	95	1
242	30	32	1
243	30	58	1
244	30	78	1
245	30	80	1
246	31	35	1
247	31	41	1
248	31	43	1
249	31	53	1
250	31	58	1
251	31	66	1
252	31	76	1
253	31	77	1
254	31	79	1
255	31	87	1
256	31	96	1
257	32	33	1
258	32	43	1
259	32	68	1
260	32	71	1
261	32	72	1
262	32	98	1
263	33	34	1
264	33	52	1
265	33	66	1
266	33	85	1
267	33	89	1
268	34	52	1
269	34	65	1
270	34	91	1
271	35	37	1
272	35	42	1
273	35	53	1
274	35	65	1
275	35	75	1
276	35	92	1
277	36	49	1
278	36	55	1
279	36	74	1
280	36	86	1
281	36	92	1
282	37	39	1
283	37	40	1
284	37	41	1
285	37	48	1
286	37	59	1
287	37	63	1
288	38	51	1
289	38	62	1
290	38	71	1
291	38	74	1
292	38	91	1
293	39	40	1
294	39	52	1
295	39	68	1
296	39	73	1
297	39	80	1
298	39	82	1
299	39	98	1
300	40	41	1
301	40	49	1
302	40	56	1
303	40	61	1
304	40	62	1
305	40	87	1
306	40	89	1
307	41	46	1
308	41	71	1
309	41	96	1
310	42	50	1
311	42	51	1
312	42	61	1
313	42	73	1
314	42	76	1
315	42	85	1
316	43	49	1
317	43	65	1
318	43	71	1
319	43	81	1
320	43	82	1
321	43	91	1
322	44	71	1
323	44	73	1
324	44	75	1
325	44	96	1
326	44	97	1
327	45	57	1
328	45	73	1
329	45	78	1
330	45	83	1
331	45	91	1
332	45	95	1
333	46	77	1
334	46	82	1
335	46	85	1
336	46	88	1
337	46	89	1
338	47	65	1
339	47	75	1
340	47	76	1
341	47	80	1
342	47	81	1
343	47	84	1
344	47	90	1
345	47	92	1
346	48	68	1
347	48	69	1
348	48	73	1
349	48	75	1
350	48	80	1
351	48	90	1
352	49	51	1
353	49	56	1
354	49	63	1
355	49	80	1
356	49	91	1
357	50	55	1
358	50	59	1
359	50	62	1
360	50	64	1
361	50	67	1
362	50	70	1
363	50	76	1
364	50	87	1
365	51	52	1
366	51	65	1
367	51	83	1
368	52	58	1
369	52	65	1
370	52	87	1
371	52	90	1
372	53	58	1
373	53	59	1
374	53	64	1
375	53	72	1
376	53	78	1
377	53	90	1
378	54	62	1
379	54	72	1
380	54	89	1
381	55	64	1
382	55	68	1
383	55	70	1
384	55	77	1
385	55	82	1
386	56	68	1
387	56	69	1
388	56	76	1
389	56	93	1
390	56	96	1
391	57	63	1
392	57	64	1
393	57	78	1
394	57	89	1
395	58	69	1
396	58	86	1
397	58	87	1
398	58	88	1
399	58	92	1
400	59	61	1
401	59	69	1
402	59	71	1
403	59	87	1
404	59	91	1
405	59	94	1
406	59	99	1
407	60	64	1
408	60	66	1
409	60	80	1
410	60	87	1
411	60	89	1
412	60	94	1
413	61	73	1
414	61	88	1
415	61	94	1
416	62	71	1
417	62	83	1
418	62	84	1
419	62	91	1
420	63	64	1
421	63	68	1
422	63	86	1
423	64	77	1
424	64	85	1
425	64	87	1
426	64	90	1
427	65	66	1
428	65	70	1
429	65	78	1
430	65	81	1
431	65	86	1
432	66	72	1
433	66	74	1
434	66	78	1
435	66	86	1
436	67	86	1
437	67	88	1
438	70	72	1
439	71	89	1
440	71	93	1
441	72	76	1
442	72	81	1
443	73	81	1
444	73	93	1
445	74	78	1
446	74	94	1
447	74	95	1
448	75	78	1
449	76	77	1
450	77	81	1
451	77	86	1
452	78	92	1
453	79	85	1
454	79	86	1
455	79	90	1
456	80	88	1
457	80	91	1
458	80	94	1
459	81	89	1
460	81	90	1
461	82	88	1
462	85	87	1
463	85	98	1
464	87	91	1
465	87	94	1
466	88	94	1
467	89	90	1
468	91	93	1
469	95	97	1
470	95	98	1
471	98	99	1
