Link_index	Source	Destination	Capacity(kbps)
0	0	9	1
1	0	11	1
2	0	23	1
3	0	27	1
4	0	60	1
5	0	66	1
6	0	70	1
7	0	85	1
8	0	88	1
9	0	98	1
10	1	3	1
11	1	8	1
12	1	14	1
13	1	28	1
14	1	30	1
15	1	32	1
16	1	38	1
17	1	39	1
18	1	41	1
19	1	71	1
20	1	95	1
21	1	98	1
22	2	4	1
23	2	17	1
24	2	31	1
25	2	33	1
26	2	43	1
27	2	47	1
28	2	52	1
29	2	67	1
30	2	72	1
31	2	79	1
32	2	81	1
33	2	88	1
34	2	97	1
35	3	18	1
36	3	39	1
37	3	57	1
38	3	64	1
39	3	79	1
40	3	95	1
41	4	38	1
42	4	40	1
43	4	44	1
44	4	46	1
45	4	70	1
46	4	74	1
47	4	75	1
48	4	84	1
49	4	86	1
50	4	94	1
51	5	6	1
52	5	9	1
53	5	12	1
54	5	15	1
55	5	24	1
56	5	27	1
57	5	28	1
58	5	29	1
59	5	36	1
60	5	45	1
61	5	67	1
62	5	84	1
63	5	88	1
64	6	7	1
65	6	13	1
66	6	24	1
67	6	27	1
68	6	29	1
69	6	31	1
70	6	38	1
71	6	42	1
72	6	45	1
73	6	48	1
74	6	78	1
75	6	96	1
76	7	8	1
77	7	25	1
78	7	85	1
79	7	89	1
80	7	97	1
81	7	98	1
82	8	14	1
83	8	23	1
84	8	42	1
85	8	53	1
86	8	80	1
87	8	81	1
88	8	90	1
89	8	92	1
90	8	95	1
91	9	28	1
92	9	39	1
93	9	53	1
94	9	84	1
95	9	90	1
96	10	34	1
97	10	46	1
98	10	61	1
99	10	74	1
100	10	81	1
101	10	88	1
102	10	91	1
103	11	24	1
104	11	42	1
105	11	43	1
106	11	45	1
107	11	46	1
108	11	54	1
109	11	62	1
110	11	67	1
111	11	72	1
112	11	73	1
113	11	86	1
114	11	90	1
115	11	97	1
116	12	18	1
117	12	25	1
118	12	32	1
119	12	36	1
120	12	46	1
121	12	59	1
122	12	77	1
123	12	79	1
124	12	91	1
125	13	14	1
126	13	18	1
127	13	35	1
128	13	49	1
129	13	55	1
130	13	84	1
131	13	86	1
132	13	99	1
133	14	27	1
134	14	30	1
135	14	33	1
136	14	39	1
137	14	49	1
138	14	68	1
139	14	74	1
140	14	75	1
141	14	84	1
142	15	18	1
143	15	38	1
144	15	72	1
145	15	76	1
146	15	77	1
147	15	79	1
148	15	89	1
149	15	91	1
150	16	35	1
151	16	50	1
152	16	52	1
153	16	81	1
154	16	86	1
155	16	94	1
156	16	97	1
157	17	31	1
158	17	41	1
159	17	42	1
160	17	44	1
161	17	46	1
162	17	56	1
163	17	72	1
164	17	97	1
165	17	99	1
166	18	46	1
167	18	53	1
168	18	54	1
169	18	58	1
170	18	79	1
171	18	84	1
172	18	85	1
173	19	28	1
174	19	36	1
175	19	49	1
176	19	50	1
177	19	60	1
178	19	74	1
179	19	84	1
180	19	92	1
181	20	23	1
182	20	51	1
183	20	54	1
184	21	30	1
185	21	44	1
186	21	59	1
187	21	73	1
188	21	74	1
189	22	23	1
190	22	29	1
191	22	35	1
192	22	56	1
193	22	74	1
194	22	75	1
195	22	76	1
196	22	82	1
197	22	83	1
198	22	84	1
199	22	91	1
200	23	49	1
201	23	56	1
202	24	29	1
203	24	30	1
204	24	37	1
205	24	43	1
206	24	73	1
207	24	74	1
208	24	79	1
209	24	80	1
210	24	85	1
211	24	95	1
212	25	52	1
213	25	57	1
214	25	58	1
215	25	67	1
216	25	74	1
217	25	80	1
218	25	91	1
219	26	36	1
220	26	37	1
221	26	47	1
222	26	57	1
223	26	61	1
224	26	70	1
225	26	73	1
226	26	79	1
227	26	92	1
228	27	33	1
229	27	52	1
230	27	56	1
231	27	57	1
232	27	58	1
233	27	59	1
234	27	64	1
235	27	88	1
236	27	94	1
237	28	34	1
238	28	40	1
239	28	51	1
240	28	55	1
241	28	63	1
242	28	67	1
243	28	72	1
244	28	81	1
245	28	85	1
246	28	87	1
247	28	96	1
248	29	33	1
249	29	44	1
250	29	68	1
251	29	76	1
252	29	85	1
253	29	91	1
254	30	37	1
255	30	42	1
256	30	44	1
257	30	63	1
258	30	68	1
259	30	71	1
260	30	77	1
261	30	83	1
262	31	38	1
263	31	46	1
264	31	54	1
265	31	61	1
266	31	63	1
267	31	66	1
268	31	69	1
269	31	73	1
270	31	75	1
271	31	98	1
272	31	99	1
273	32	49	1
274	32	55	1
275	32	59	1
276	32	68	1
277	32	69	1
278	33	55	1
279	33	57	1
280	33	63	1
281	33	70	1
282	33	74	1
283	33	79	1
284	33	81	1
285	34	36	1
286	34	53	1
287	34	66	1
288	34	68	1
289	35	55	1
290	35	66	1
291	35	71	1
292	36	47	1
293	36	54	1
294	36	61	1
295	36	66	1
296	36	77	1
297	36	82	1
298	36	93	1
299	36	96	1
300	37	49	1
301	37	50	1
302	37	64	1
303	37	69	1
304	37	90	1
305	38	55	1
306	38	58	1
307	38	66	1
308	38	68	1
309	38	78	1
310	38	82	1
311	38	88	1
312	38	95	1
313	38	98	1
314	39	46	1
315	39	48	1
316	39	58	1
317	39	61	1
318	39	70	1
319	39	89	1
320	39	91	1
321	40	43	1
322	40	67	1
323	40	76	1
324	40	79	1
325	40	88	1
326	41	42	1
327	41	52	1
328	41	66	1
329	41	67	1
330	41	78	1
331	41	81	1
332	41	85	1
333	41	87	1
334	41	97	1
335	42	64	1
336	42	69	1
337	42	86	1
338	42	89	1
339	42	90	1
340	43	44	1
341	43	46	1
342	43	53	1
343	43	62	1
344	43	63	1
345	43	64	1
346	43	76	1
347	43	77	1
348	43	87	1
349	43	92	1
350	43	93	1
351	43	97	1
352	44	56	1
353	44	61	1
354	44	91	1
355	44	95	1
356	44	96	1
357	44	99	1
358	45	52	1
359	45	62	1
360	45	79	1
361	45	88	1
362	45	93	1
363	45	95	1
364	45	97	1
365	46	67	1
366	46	94	1
367	47	61	1
368	47	68	1
369	47	84	1
370	48	54	1
371	48	56	1
372	49	51	1
373	49	57	1
374	49	59	1
375	49	62	1
376	49	71	1
377	49	74	1
378	49	79	1
379	49	81	1
380	49	91	1
381	50	53	1
382	50	70	1
383	50	74	1
384	51	61	1
385	51	72	1
386	51	80	1
387	51	81	1
388	51	82	1
389	52	63	1
390	52	65	1
391	52	73	1
392	52	75	1
393	52	87	1
394	52	98	1
395	53	54	1
396	53	57	1
397	53	59	1
398	53	63	1
399	53	69	1
400	53	71	1
401	53	72	1
402	53	89	1
403	53	92	1
404	54	59	1
405	54	61	1
406	54	69	1
407	54	75	1
408	54	76	1
409	54	85	1
410	54	92	1
411	54	95	1
412	54	98	1
413	55	62	1
414	55	71	1
415	55	75	1
416	56	58	1
417	56	66	1
418	56	81	1
419	56	99	1
420	57	63	1
421	57	70	1
422	57	72	1
423	57	80	1
424	57	93	1
425	57	97	1
426	58	67	1
427	58	70	1
428	59	63	1
429	59	68	1
430	59	73	1
431	59	78	1
432	59	82	1
433	60	80	1
434	61	90	1
435	62	70	1
436	62	74	1
437	62	86	1
438	63	64	1
439	63	81	1
440	63	83	1
441	63	93	1
442	63	94	1
443	63	96	1
444	63	99	1
445	64	68	1
446	64	88	1
447	64	99	1
448	65	70	1
449	65	88	1
450	65	97	1
451	66	69	1
452	66	72	1
453	66	73	1
454	66	77	1
455	66	79	1
456	66	93	1
457	66	96	1
458	67	71	1
459	67	79	1
460	67	88	1
461	68	81	1
462	68	82	1
463	68	88	1
464	68	90	1
465	68	91	1
466	68	96	1
467	69	72	1
468	69	73	1
469	69	79	1
470	70	75	1
471	70	85	1
472	71	73	1
473	71	79	1
474	71	81	1
475	71	90	1
476	71	98	1
477	72	90	1
478	74	79	1
479	74	83	1
480	74	89	1
481	74	92	1
482	75	91	1
483	76	79	1
484	76	84	1
485	76	89	1
486	76	91	1
487	77	78	1
488	77	83	1
489	77	84	1
490	77	94	1
491	77	98	1
492	78	80	1
493	78	81	1
494	78	90	1
495	78	94	1
496	78	97	1
497	79	83	1
498	79	88	1
499	79	94	1
500	79	96	1
501	80	84	1
502	80	88	1
503	80	90	1
504	80	98	1
505	81	87	1
506	81	93	1
507	82	85	1
508	82	91	1
509	82	97	1
510	83	85	1
511	83	86	1
512	83	89	1
513	83	91	1
514	85	95	1
515	86	92	1
516	86	94	1
517	87	89	1
518	88	91	1
519	88	92	1
520	88	95	1
521	89	92	1
522	89	94	1
523	89	98	1
524	91	92	1
525	94	97	1
526	95	97	1
527	96	99	1
528	97	98	1
