Link_index	Source	Destination	Capacity(kbps)
0	0	3	1
1	0	4	1
2	0	5	1
3	0	6	1
4	0	13	1
5	0	43	1
6	0	47	1
7	1	3	1
8	1	4	1
9	1	5	1
10	1	7	1
11	1	9	1
12	1	26	1
13	1	49	1
14	1	73	1
15	1	82	1
16	1	125	1
17	2	3	1
18	2	14	1
19	2	21	1
20	2	66	1
21	2	71	1
22	3	4	1
23	3	5	1
24	3	7	1
25	3	8	1
26	3	9	1
27	3	12	1
28	3	15	1
29	3	16	1
30	3	17	1
31	3	19	1
32	3	21	1
33	3	25	1
34	3	26	1
35	3	28	1
36	3	32	1
37	3	33	1
38	3	35	1
39	3	39	1
40	3	46	1
41	3	47	1
42	3	50	1
43	3	51	1
44	3	54	1
45	3	59	1
46	3	60	1
47	3	62	1
48	3	64	1
49	3	66	1
50	3	79	1
51	3	89	1
52	3	94	1
53	3	98	1
54	3	100	1
55	3	107	1
56	3	117	1
57	3	123	1
58	3	132	1
59	3	133	1
60	4	6	1
61	4	7	1
62	4	8	1
63	4	14	1
64	4	16	1
65	4	20	1
66	4	22	1
67	4	24	1
68	4	25	1
69	4	35	1
70	4	36	1
71	4	40	1
72	4	41	1
73	4	44	1
74	4	57	1
75	4	95	1
76	4	105	1
77	4	115	1
78	4	121	1
79	5	6	1
80	5	8	1
81	5	10	1
82	5	11	1
83	5	12	1
84	5	13	1
85	5	14	1
86	5	19	1
87	5	22	1
88	5	23	1
89	5	32	1
90	5	34	1
91	5	52	1
92	5	53	1
93	5	56	1
94	5	61	1
95	5	70	1
96	5	85	1
97	5	90	1
98	5	91	1
99	5	96	1
100	5	101	1
101	5	103	1
102	5	108	1
103	5	113	1
104	5	118	1
105	5	124	1
106	5	133	1
107	5	135	1
108	5	136	1
109	5	137	1
110	6	9	1
111	6	18	1
112	6	19	1
113	6	20	1
114	6	23	1
115	6	24	1
116	6	26	1
117	6	31	1
118	6	36	1
119	6	53	1
120	6	57	1
121	6	65	1
122	6	77	1
123	6	85	1
124	6	86	1
125	6	87	1
126	6	90	1
127	6	108	1
128	6	109	1
129	6	120	1
130	6	126	1
131	6	135	1
132	6	139	1
133	7	10	1
134	7	13	1
135	7	18	1
136	7	20	1
137	7	25	1
138	7	29	1
139	7	33	1
140	7	39	1
141	7	40	1
142	7	48	1
143	7	64	1
144	7	71	1
145	7	74	1
146	7	80	1
147	7	83	1
148	7	84	1
149	7	121	1
150	7	134	1
151	8	10	1
152	8	11	1
153	8	12	1
154	8	27	1
155	8	38	1
156	8	52	1
157	8	55	1
158	8	62	1
159	8	72	1
160	8	83	1
161	8	131	1
162	8	135	1
163	9	11	1
164	9	24	1
165	9	107	1
166	9	137	1
167	10	15	1
168	10	28	1
169	10	42	1
170	10	56	1
171	10	60	1
172	10	61	1
173	10	63	1
174	10	65	1
175	10	90	1
176	10	95	1
177	10	99	1
178	10	104	1
179	10	123	1
180	10	126	1
181	10	138	1
182	11	16	1
183	11	17	1
184	11	29	1
185	11	45	1
186	11	72	1
187	11	75	1
188	11	81	1
189	11	88	1
190	11	97	1
191	12	21	1
192	12	60	1
193	12	82	1
194	13	18	1
195	13	45	1
196	13	93	1
197	13	96	1
198	13	129	1
199	14	15	1
200	14	17	1
201	14	23	1
202	14	32	1
203	14	35	1
204	14	38	1
205	14	54	1
206	14	57	1
207	14	63	1
208	14	69	1
209	14	70	1
210	14	71	1
211	14	72	1
212	14	76	1
213	14	87	1
214	14	106	1
215	14	119	1
216	14	130	1
217	14	131	1
218	14	134	1
219	15	98	1
220	15	101	1
221	15	102	1
222	15	132	1
223	16	76	1
224	16	81	1
225	16	102	1
226	16	111	1
227	16	115	1
228	17	34	1
229	17	36	1
230	17	41	1
231	17	55	1
232	17	82	1
233	17	86	1
234	17	88	1
235	17	100	1
236	17	103	1
237	18	22	1
238	18	43	1
239	18	85	1
240	18	123	1
241	18	131	1
242	19	27	1
243	19	29	1
244	19	37	1
245	19	70	1
246	19	78	1
247	19	101	1
248	20	27	1
249	20	28	1
250	20	34	1
251	20	58	1
252	20	91	1
253	20	126	1
254	20	127	1
255	20	129	1
256	21	30	1
257	21	31	1
258	21	37	1
259	21	39	1
260	21	68	1
261	21	93	1
262	21	97	1
263	21	127	1
264	22	53	1
265	22	87	1
266	22	132	1
267	22	138	1
268	23	33	1
269	23	64	1
270	24	79	1
271	24	89	1
272	25	30	1
273	25	54	1
274	25	76	1
275	25	80	1
276	27	41	1
277	27	44	1
278	27	51	1
279	27	52	1
280	27	67	1
281	27	80	1
282	27	116	1
283	27	117	1
284	27	120	1
285	27	133	1
286	28	30	1
287	28	56	1
288	28	84	1
289	28	110	1
290	28	116	1
291	29	31	1
292	29	46	1
293	29	50	1
294	29	59	1
295	29	65	1
296	29	73	1
297	29	89	1
298	29	92	1
299	29	96	1
300	29	125	1
301	29	139	1
302	30	37	1
303	30	38	1
304	30	55	1
305	30	81	1
306	31	83	1
307	31	107	1
308	32	48	1
309	32	115	1
310	34	130	1
311	35	50	1
312	35	75	1
313	36	42	1
314	36	43	1
315	36	48	1
316	36	74	1
317	36	77	1
318	37	40	1
319	37	46	1
320	37	49	1
321	37	58	1
322	37	59	1
323	37	68	1
324	37	104	1
325	37	110	1
326	37	114	1
327	37	118	1
328	37	122	1
329	37	130	1
330	38	51	1
331	38	58	1
332	39	44	1
333	39	111	1
334	39	128	1
335	40	47	1
336	40	92	1
337	40	106	1
338	41	42	1
339	41	74	1
340	41	95	1
341	41	113	1
342	41	117	1
343	42	116	1
344	44	45	1
345	44	109	1
346	44	113	1
347	45	61	1
348	45	67	1
349	45	84	1
350	45	94	1
351	45	105	1
352	45	108	1
353	45	109	1
354	45	114	1
355	45	125	1
356	45	137	1
357	45	139	1
358	48	49	1
359	48	99	1
360	49	66	1
361	50	79	1
362	50	129	1
363	51	93	1
364	51	97	1
365	52	67	1
366	52	91	1
367	53	112	1
368	54	99	1
369	54	106	1
370	57	62	1
371	57	112	1
372	57	121	1
373	58	63	1
374	58	73	1
375	59	119	1
376	59	124	1
377	60	68	1
378	60	69	1
379	62	136	1
380	63	77	1
381	63	102	1
382	64	75	1
383	65	69	1
384	66	88	1
385	68	112	1
386	69	100	1
387	70	86	1
388	71	78	1
389	75	78	1
390	76	124	1
391	78	98	1
392	82	92	1
393	84	94	1
394	86	104	1
395	87	110	1
396	87	136	1
397	88	105	1
398	93	122	1
399	96	128	1
400	99	103	1
401	100	114	1
402	101	119	1
403	102	118	1
404	106	111	1
405	108	128	1
406	111	127	1
407	116	120	1
408	116	122	1
409	116	134	1
410	123	138	1
