Link_index	Source	Destination	Capacity(kbps)
0	0	10	1
1	0	13	1
2	0	30	1
3	0	50	1
4	0	54	1
5	0	67	1
6	0	78	1
7	0	86	1
8	0	91	1
9	0	96	1
10	0	103	1
11	0	117	1
12	0	128	1
13	0	132	1
14	0	136	1
15	0	141	1
16	0	147	1
17	0	164	1
18	0	170	1
19	0	175	1
20	0	177	1
21	0	182	1
22	0	186	1
23	1	15	1
24	1	17	1
25	1	44	1
26	1	45	1
27	1	68	1
28	1	71	1
29	1	73	1
30	1	80	1
31	1	83	1
32	1	85	1
33	1	90	1
34	1	92	1
35	1	120	1
36	1	132	1
37	1	152	1
38	1	153	1
39	1	157	1
40	1	166	1
41	1	170	1
42	1	174	1
43	1	194	1
44	1	198	1
45	2	3	1
46	2	17	1
47	2	22	1
48	2	25	1
49	2	44	1
50	2	53	1
51	2	60	1
52	2	61	1
53	2	71	1
54	2	73	1
55	2	79	1
56	2	109	1
57	2	120	1
58	2	126	1
59	2	129	1
60	2	139	1
61	2	162	1
62	2	168	1
63	2	169	1
64	2	180	1
65	3	10	1
66	3	26	1
67	3	36	1
68	3	37	1
69	3	45	1
70	3	56	1
71	3	58	1
72	3	69	1
73	3	71	1
74	3	73	1
75	3	77	1
76	3	96	1
77	3	105	1
78	3	109	1
79	3	113	1
80	3	130	1
81	3	136	1
82	3	161	1
83	3	188	1
84	3	192	1
85	4	7	1
86	4	13	1
87	4	25	1
88	4	26	1
89	4	29	1
90	4	40	1
91	4	60	1
92	4	63	1
93	4	66	1
94	4	78	1
95	4	79	1
96	4	91	1
97	4	112	1
98	4	137	1
99	4	139	1
100	4	165	1
101	4	166	1
102	4	178	1
103	4	185	1
104	4	187	1
105	4	192	1
106	4	193	1
107	4	195	1
108	4	199	1
109	5	8	1
110	5	13	1
111	5	51	1
112	5	54	1
113	5	68	1
114	5	69	1
115	5	72	1
116	5	73	1
117	5	100	1
118	5	105	1
119	5	107	1
120	5	117	1
121	5	118	1
122	5	124	1
123	5	128	1
124	5	130	1
125	5	132	1
126	5	141	1
127	5	153	1
128	5	154	1
129	5	166	1
130	5	180	1
131	5	189	1
132	5	191	1
133	6	22	1
134	6	27	1
135	6	29	1
136	6	36	1
137	6	40	1
138	6	49	1
139	6	54	1
140	6	55	1
141	6	61	1
142	6	67	1
143	6	84	1
144	6	88	1
145	6	108	1
146	6	134	1
147	6	138	1
148	6	142	1
149	6	143	1
150	6	168	1
151	6	169	1
152	6	171	1
153	6	185	1
154	6	193	1
155	7	10	1
156	7	16	1
157	7	21	1
158	7	22	1
159	7	65	1
160	7	110	1
161	7	118	1
162	7	149	1
163	7	176	1
164	8	25	1
165	8	87	1
166	8	104	1
167	8	113	1
168	8	135	1
169	8	143	1
170	8	149	1
171	8	152	1
172	8	160	1
173	8	164	1
174	8	186	1
175	8	192	1
176	8	197	1
177	9	24	1
178	9	39	1
179	9	40	1
180	9	42	1
181	9	58	1
182	9	63	1
183	9	65	1
184	9	67	1
185	9	70	1
186	9	90	1
187	9	96	1
188	9	100	1
189	9	103	1
190	9	108	1
191	9	115	1
192	9	118	1
193	9	128	1
194	9	139	1
195	9	142	1
196	9	150	1
197	9	159	1
198	9	162	1
199	9	171	1
200	9	178	1
201	9	184	1
202	9	191	1
203	10	15	1
204	10	22	1
205	10	27	1
206	10	32	1
207	10	34	1
208	10	36	1
209	10	43	1
210	10	74	1
211	10	88	1
212	10	91	1
213	10	94	1
214	10	104	1
215	10	110	1
216	10	122	1
217	10	123	1
218	10	127	1
219	10	140	1
220	10	160	1
221	10	165	1
222	11	13	1
223	11	31	1
224	11	33	1
225	11	44	1
226	11	49	1
227	11	51	1
228	11	54	1
229	11	60	1
230	11	65	1
231	11	72	1
232	11	74	1
233	11	79	1
234	11	83	1
235	11	92	1
236	11	110	1
237	11	117	1
238	11	123	1
239	11	129	1
240	11	134	1
241	11	137	1
242	11	138	1
243	11	142	1
244	11	143	1
245	11	145	1
246	11	199	1
247	12	27	1
248	12	32	1
249	12	64	1
250	12	66	1
251	12	77	1
252	12	78	1
253	12	81	1
254	12	85	1
255	12	95	1
256	12	96	1
257	12	102	1
258	12	117	1
259	12	171	1
260	12	176	1
261	12	180	1
262	12	184	1
263	12	187	1
264	13	18	1
265	13	28	1
266	13	34	1
267	13	44	1
268	13	55	1
269	13	62	1
270	13	68	1
271	13	76	1
272	13	79	1
273	13	87	1
274	13	91	1
275	13	109	1
276	13	116	1
277	13	136	1
278	13	137	1
279	13	145	1
280	13	150	1
281	13	171	1
282	13	175	1
283	13	179	1
284	13	199	1
285	14	22	1
286	14	29	1
287	14	34	1
288	14	37	1
289	14	48	1
290	14	80	1
291	14	99	1
292	14	106	1
293	14	107	1
294	14	124	1
295	14	142	1
296	14	143	1
297	14	144	1
298	14	152	1
299	14	175	1
300	14	196	1
301	15	17	1
302	15	19	1
303	15	61	1
304	15	94	1
305	15	103	1
306	15	117	1
307	15	132	1
308	15	148	1
309	15	158	1
310	15	164	1
311	15	189	1
312	16	23	1
313	16	24	1
314	16	28	1
315	16	30	1
316	16	41	1
317	16	44	1
318	16	63	1
319	16	68	1
320	16	75	1
321	16	87	1
322	16	91	1
323	16	93	1
324	16	96	1
325	16	111	1
326	16	122	1
327	16	128	1
328	16	134	1
329	16	135	1
330	16	138	1
331	16	156	1
332	16	159	1
333	16	174	1
334	16	175	1
335	16	176	1
336	16	182	1
337	16	183	1
338	17	26	1
339	17	30	1
340	17	33	1
341	17	36	1
342	17	50	1
343	17	61	1
344	17	65	1
345	17	83	1
346	17	89	1
347	17	93	1
348	17	98	1
349	17	104	1
350	17	121	1
351	17	124	1
352	17	145	1
353	17	147	1
354	17	161	1
355	17	181	1
356	17	191	1
357	17	199	1
358	18	35	1
359	18	49	1
360	18	50	1
361	18	54	1
362	18	60	1
363	18	63	1
364	18	69	1
365	18	73	1
366	18	78	1
367	18	80	1
368	18	95	1
369	18	96	1
370	18	97	1
371	18	108	1
372	18	132	1
373	18	133	1
374	18	136	1
375	18	138	1
376	18	141	1
377	18	143	1
378	18	151	1
379	18	157	1
380	18	182	1
381	18	195	1
382	19	31	1
383	19	37	1
384	19	47	1
385	19	57	1
386	19	77	1
387	19	106	1
388	19	148	1
389	19	149	1
390	19	152	1
391	19	153	1
392	19	154	1
393	19	174	1
394	19	176	1
395	19	183	1
396	20	40	1
397	20	47	1
398	20	48	1
399	20	52	1
400	20	68	1
401	20	70	1
402	20	73	1
403	20	84	1
404	20	88	1
405	20	89	1
406	20	95	1
407	20	112	1
408	20	123	1
409	20	139	1
410	20	151	1
411	20	157	1
412	20	160	1
413	20	177	1
414	20	183	1
415	20	199	1
416	21	24	1
417	21	41	1
418	21	50	1
419	21	51	1
420	21	57	1
421	21	59	1
422	21	71	1
423	21	84	1
424	21	88	1
425	21	104	1
426	21	107	1
427	21	112	1
428	21	125	1
429	21	130	1
430	21	137	1
431	21	143	1
432	21	146	1
433	21	158	1
434	21	160	1
435	21	197	1
436	22	33	1
437	22	46	1
438	22	52	1
439	22	56	1
440	22	59	1
441	22	84	1
442	22	96	1
443	22	107	1
444	22	112	1
445	22	133	1
446	22	135	1
447	22	137	1
448	22	144	1
449	22	146	1
450	22	148	1
451	22	156	1
452	22	163	1
453	22	164	1
454	22	178	1
455	22	185	1
456	22	187	1
457	23	50	1
458	23	51	1
459	23	53	1
460	23	67	1
461	23	68	1
462	23	104	1
463	23	105	1
464	23	112	1
465	23	132	1
466	23	133	1
467	23	151	1
468	23	155	1
469	23	170	1
470	23	173	1
471	24	29	1
472	24	40	1
473	24	45	1
474	24	57	1
475	24	59	1
476	24	69	1
477	24	71	1
478	24	74	1
479	24	78	1
480	24	82	1
481	24	84	1
482	24	87	1
483	24	88	1
484	24	95	1
485	24	100	1
486	24	105	1
487	24	113	1
488	24	116	1
489	24	158	1
490	24	161	1
491	24	173	1
492	24	174	1
493	24	187	1
494	24	194	1
495	24	197	1
496	25	27	1
497	25	36	1
498	25	39	1
499	25	40	1
500	25	43	1
501	25	58	1
502	25	63	1
503	25	66	1
504	25	70	1
505	25	93	1
506	25	106	1
507	25	113	1
508	25	114	1
509	25	137	1
510	25	144	1
511	25	155	1
512	25	161	1
513	25	167	1
514	25	171	1
515	26	27	1
516	26	30	1
517	26	31	1
518	26	55	1
519	26	61	1
520	26	67	1
521	26	84	1
522	26	90	1
523	26	99	1
524	26	131	1
525	26	135	1
526	26	141	1
527	26	154	1
528	26	176	1
529	26	183	1
530	27	40	1
531	27	64	1
532	27	71	1
533	27	78	1
534	27	80	1
535	27	90	1
536	27	108	1
537	27	109	1
538	27	131	1
539	27	144	1
540	27	149	1
541	27	150	1
542	27	175	1
543	27	180	1
544	28	29	1
545	28	34	1
546	28	49	1
547	28	56	1
548	28	58	1
549	28	60	1
550	28	63	1
551	28	64	1
552	28	82	1
553	28	84	1
554	28	87	1
555	28	93	1
556	28	117	1
557	28	123	1
558	28	144	1
559	28	155	1
560	28	162	1
561	28	179	1
562	28	180	1
563	29	32	1
564	29	42	1
565	29	50	1
566	29	58	1
567	29	71	1
568	29	81	1
569	29	92	1
570	29	94	1
571	29	98	1
572	29	111	1
573	29	117	1
574	29	130	1
575	29	132	1
576	29	133	1
577	29	137	1
578	29	148	1
579	29	152	1
580	29	158	1
581	29	167	1
582	29	171	1
583	29	183	1
584	29	186	1
585	30	86	1
586	30	98	1
587	30	103	1
588	30	113	1
589	30	118	1
590	30	123	1
591	30	143	1
592	30	159	1
593	31	73	1
594	31	75	1
595	31	84	1
596	31	95	1
597	31	97	1
598	31	105	1
599	31	113	1
600	31	128	1
601	31	131	1
602	31	139	1
603	31	145	1
604	31	173	1
605	31	177	1
606	31	179	1
607	31	184	1
608	31	195	1
609	32	39	1
610	32	41	1
611	32	51	1
612	32	52	1
613	32	77	1
614	32	91	1
615	32	122	1
616	32	157	1
617	32	184	1
618	32	185	1
619	32	186	1
620	32	187	1
621	32	189	1
622	33	45	1
623	33	52	1
624	33	58	1
625	33	69	1
626	33	71	1
627	33	76	1
628	33	81	1
629	33	82	1
630	33	99	1
631	33	102	1
632	33	129	1
633	33	140	1
634	33	149	1
635	33	165	1
636	33	187	1
637	34	36	1
638	34	38	1
639	34	41	1
640	34	45	1
641	34	53	1
642	34	55	1
643	34	58	1
644	34	67	1
645	34	80	1
646	34	109	1
647	34	112	1
648	34	117	1
649	34	134	1
650	34	149	1
651	34	152	1
652	34	154	1
653	34	155	1
654	34	168	1
655	34	169	1
656	34	173	1
657	34	175	1
658	34	176	1
659	35	50	1
660	35	77	1
661	35	95	1
662	35	101	1
663	35	105	1
664	35	111	1
665	35	112	1
666	35	114	1
667	35	124	1
668	35	143	1
669	35	159	1
670	35	163	1
671	35	166	1
672	35	174	1
673	36	40	1
674	36	47	1
675	36	59	1
676	36	61	1
677	36	73	1
678	36	85	1
679	36	99	1
680	36	107	1
681	36	118	1
682	36	119	1
683	36	130	1
684	36	135	1
685	36	137	1
686	36	144	1
687	36	154	1
688	36	171	1
689	36	180	1
690	37	42	1
691	37	47	1
692	37	51	1
693	37	59	1
694	37	63	1
695	37	65	1
696	37	81	1
697	37	120	1
698	37	121	1
699	37	140	1
700	37	141	1
701	37	153	1
702	37	155	1
703	37	157	1
704	37	161	1
705	37	169	1
706	37	174	1
707	37	178	1
708	37	193	1
709	38	41	1
710	38	43	1
711	38	53	1
712	38	73	1
713	38	79	1
714	38	80	1
715	38	105	1
716	38	113	1
717	38	118	1
718	38	121	1
719	38	128	1
720	38	129	1
721	38	141	1
722	38	142	1
723	38	146	1
724	38	153	1
725	38	169	1
726	38	170	1
727	39	66	1
728	39	77	1
729	39	84	1
730	39	99	1
731	39	122	1
732	39	128	1
733	39	132	1
734	39	146	1
735	39	159	1
736	39	163	1
737	39	168	1
738	39	179	1
739	39	181	1
740	40	41	1
741	40	42	1
742	40	69	1
743	40	81	1
744	40	82	1
745	40	87	1
746	40	89	1
747	40	117	1
748	40	121	1
749	40	147	1
750	40	150	1
751	40	153	1
752	40	163	1
753	40	170	1
754	40	173	1
755	40	174	1
756	40	183	1
757	40	189	1
758	40	198	1
759	41	57	1
760	41	68	1
761	41	73	1
762	41	80	1
763	41	81	1
764	41	86	1
765	41	101	1
766	41	113	1
767	41	127	1
768	41	166	1
769	41	170	1
770	41	184	1
771	41	185	1
772	42	46	1
773	42	61	1
774	42	63	1
775	42	67	1
776	42	98	1
777	42	109	1
778	42	114	1
779	42	120	1
780	42	147	1
781	42	149	1
782	42	160	1
783	42	162	1
784	42	178	1
785	42	195	1
786	42	196	1
787	43	44	1
788	43	55	1
789	43	57	1
790	43	74	1
791	43	90	1
792	43	94	1
793	43	97	1
794	43	102	1
795	43	106	1
796	43	120	1
797	43	126	1
798	43	136	1
799	43	164	1
800	43	166	1
801	43	169	1
802	43	173	1
803	44	53	1
804	44	62	1
805	44	64	1
806	44	65	1
807	44	70	1
808	44	81	1
809	44	89	1
810	44	100	1
811	44	106	1
812	44	110	1
813	44	120	1
814	44	133	1
815	44	145	1
816	44	156	1
817	44	162	1
818	45	52	1
819	45	97	1
820	45	98	1
821	45	99	1
822	45	100	1
823	45	110	1
824	45	111	1
825	45	123	1
826	45	137	1
827	45	146	1
828	45	154	1
829	45	189	1
830	46	49	1
831	46	51	1
832	46	55	1
833	46	64	1
834	46	73	1
835	46	101	1
836	46	116	1
837	46	118	1
838	46	132	1
839	46	148	1
840	46	150	1
841	46	158	1
842	46	167	1
843	46	176	1
844	46	190	1
845	46	197	1
846	47	64	1
847	47	78	1
848	47	81	1
849	47	113	1
850	47	131	1
851	47	132	1
852	47	135	1
853	47	141	1
854	47	152	1
855	47	181	1
856	47	182	1
857	47	183	1
858	47	185	1
859	47	186	1
860	47	199	1
861	48	51	1
862	48	56	1
863	48	76	1
864	48	82	1
865	48	90	1
866	48	95	1
867	48	96	1
868	48	98	1
869	48	100	1
870	48	104	1
871	48	105	1
872	48	106	1
873	48	115	1
874	48	126	1
875	48	130	1
876	48	144	1
877	48	148	1
878	48	154	1
879	48	159	1
880	48	173	1
881	48	174	1
882	48	177	1
883	48	179	1
884	48	180	1
885	48	181	1
886	48	188	1
887	49	55	1
888	49	73	1
889	49	74	1
890	49	75	1
891	49	88	1
892	49	89	1
893	49	101	1
894	49	112	1
895	49	114	1
896	49	115	1
897	49	145	1
898	49	161	1
899	49	170	1
900	49	172	1
901	49	174	1
902	49	184	1
903	49	196	1
904	50	69	1
905	50	78	1
906	50	83	1
907	50	90	1
908	50	94	1
909	50	96	1
910	50	101	1
911	50	109	1
912	50	121	1
913	50	124	1
914	50	143	1
915	50	148	1
916	50	153	1
917	50	155	1
918	50	183	1
919	50	184	1
920	50	199	1
921	51	61	1
922	51	63	1
923	51	81	1
924	51	82	1
925	51	90	1
926	51	97	1
927	51	113	1
928	51	121	1
929	51	129	1
930	51	134	1
931	51	144	1
932	51	145	1
933	51	163	1
934	51	168	1
935	51	177	1
936	51	181	1
937	52	63	1
938	52	67	1
939	52	78	1
940	52	85	1
941	52	90	1
942	52	96	1
943	52	97	1
944	52	102	1
945	52	123	1
946	52	147	1
947	52	148	1
948	52	180	1
949	52	185	1
950	52	189	1
951	53	54	1
952	53	61	1
953	53	65	1
954	53	66	1
955	53	67	1
956	53	80	1
957	53	81	1
958	53	86	1
959	53	136	1
960	53	155	1
961	53	174	1
962	53	199	1
963	54	58	1
964	54	67	1
965	54	76	1
966	54	79	1
967	54	85	1
968	54	87	1
969	54	101	1
970	54	108	1
971	54	111	1
972	54	117	1
973	54	120	1
974	54	136	1
975	54	138	1
976	54	147	1
977	54	151	1
978	54	163	1
979	54	166	1
980	54	173	1
981	54	188	1
982	54	193	1
983	54	194	1
984	54	195	1
985	55	64	1
986	55	76	1
987	55	83	1
988	55	105	1
989	55	111	1
990	55	114	1
991	55	124	1
992	55	164	1
993	55	167	1
994	55	198	1
995	56	66	1
996	56	67	1
997	56	72	1
998	56	96	1
999	56	101	1
1000	56	104	1
1001	56	116	1
1002	56	127	1
1003	56	130	1
1004	56	138	1
1005	56	143	1
1006	56	144	1
1007	56	154	1
1008	56	167	1
1009	56	196	1
1010	57	63	1
1011	57	92	1
1012	57	94	1
1013	57	96	1
1014	57	100	1
1015	57	102	1
1016	57	114	1
1017	57	118	1
1018	57	119	1
1019	57	130	1
1020	57	135	1
1021	57	145	1
1022	57	148	1
1023	57	155	1
1024	57	157	1
1025	57	160	1
1026	57	170	1
1027	57	172	1
1028	57	185	1
1029	57	194	1
1030	58	65	1
1031	58	75	1
1032	58	109	1
1033	58	115	1
1034	58	125	1
1035	58	129	1
1036	58	142	1
1037	58	161	1
1038	58	170	1
1039	58	175	1
1040	58	183	1
1041	58	185	1
1042	58	192	1
1043	58	196	1
1044	59	60	1
1045	59	64	1
1046	59	71	1
1047	59	89	1
1048	59	91	1
1049	59	102	1
1050	59	115	1
1051	59	120	1
1052	59	125	1
1053	59	131	1
1054	59	147	1
1055	59	162	1
1056	59	171	1
1057	59	193	1
1058	59	196	1
1059	60	80	1
1060	60	103	1
1061	60	104	1
1062	60	114	1
1063	60	118	1
1064	60	127	1
1065	60	135	1
1066	60	145	1
1067	60	149	1
1068	60	151	1
1069	60	166	1
1070	60	173	1
1071	60	175	1
1072	61	76	1
1073	61	85	1
1074	61	89	1
1075	61	100	1
1076	61	106	1
1077	61	107	1
1078	61	119	1
1079	61	131	1
1080	61	135	1
1081	61	146	1
1082	61	156	1
1083	61	172	1
1084	61	176	1
1085	61	178	1
1086	62	68	1
1087	62	81	1
1088	62	84	1
1089	62	100	1
1090	62	107	1
1091	62	149	1
1092	62	157	1
1093	62	169	1
1094	62	172	1
1095	62	175	1
1096	62	180	1
1097	62	194	1
1098	63	66	1
1099	63	73	1
1100	63	78	1
1101	63	99	1
1102	63	103	1
1103	63	125	1
1104	63	128	1
1105	63	129	1
1106	63	133	1
1107	63	136	1
1108	63	140	1
1109	63	145	1
1110	63	148	1
1111	63	167	1
1112	63	174	1
1113	64	66	1
1114	64	67	1
1115	64	71	1
1116	64	74	1
1117	64	83	1
1118	64	88	1
1119	64	91	1
1120	64	103	1
1121	64	110	1
1122	64	115	1
1123	64	119	1
1124	64	126	1
1125	64	127	1
1126	64	134	1
1127	64	165	1
1128	64	184	1
1129	65	98	1
1130	65	100	1
1131	65	104	1
1132	65	166	1
1133	65	168	1
1134	65	186	1
1135	65	198	1
1136	66	67	1
1137	66	68	1
1138	66	77	1
1139	66	79	1
1140	66	86	1
1141	66	90	1
1142	66	94	1
1143	66	99	1
1144	66	103	1
1145	66	111	1
1146	66	127	1
1147	66	132	1
1148	66	147	1
1149	66	150	1
1150	66	165	1
1151	66	178	1
1152	66	179	1
1153	67	70	1
1154	67	96	1
1155	67	124	1
1156	67	142	1
1157	67	181	1
1158	67	186	1
1159	68	86	1
1160	68	93	1
1161	68	107	1
1162	68	109	1
1163	68	131	1
1164	68	139	1
1165	68	146	1
1166	68	151	1
1167	68	157	1
1168	68	169	1
1169	68	171	1
1170	68	182	1
1171	68	189	1
1172	68	199	1
1173	69	78	1
1174	69	88	1
1175	69	95	1
1176	69	98	1
1177	69	115	1
1178	69	151	1
1179	69	171	1
1180	69	175	1
1181	69	183	1
1182	69	188	1
1183	69	198	1
1184	70	105	1
1185	70	109	1
1186	70	120	1
1187	70	122	1
1188	70	123	1
1189	70	142	1
1190	70	147	1
1191	70	154	1
1192	70	167	1
1193	70	169	1
1194	70	180	1
1195	70	182	1
1196	70	183	1
1197	71	80	1
1198	71	99	1
1199	71	105	1
1200	71	110	1
1201	71	113	1
1202	71	114	1
1203	71	124	1
1204	71	132	1
1205	71	139	1
1206	71	144	1
1207	71	155	1
1208	71	160	1
1209	71	165	1
1210	71	192	1
1211	72	81	1
1212	72	87	1
1213	72	92	1
1214	72	109	1
1215	72	130	1
1216	72	133	1
1217	72	143	1
1218	72	166	1
1219	72	180	1
1220	72	182	1
1221	72	190	1
1222	73	77	1
1223	73	98	1
1224	73	100	1
1225	73	106	1
1226	73	111	1
1227	73	128	1
1228	73	141	1
1229	73	145	1
1230	73	151	1
1231	73	152	1
1232	73	160	1
1233	74	110	1
1234	74	115	1
1235	74	120	1
1236	74	127	1
1237	74	136	1
1238	74	138	1
1239	74	154	1
1240	74	163	1
1241	74	171	1
1242	74	182	1
1243	74	187	1
1244	75	79	1
1245	75	84	1
1246	75	109	1
1247	75	111	1
1248	75	116	1
1249	75	132	1
1250	75	144	1
1251	75	151	1
1252	75	158	1
1253	75	160	1
1254	75	191	1
1255	75	193	1
1256	76	113	1
1257	76	116	1
1258	76	126	1
1259	76	129	1
1260	76	131	1
1261	76	147	1
1262	76	151	1
1263	76	157	1
1264	77	98	1
1265	77	118	1
1266	77	120	1
1267	77	123	1
1268	77	128	1
1269	77	131	1
1270	77	134	1
1271	77	140	1
1272	77	142	1
1273	77	148	1
1274	77	150	1
1275	77	158	1
1276	77	174	1
1277	77	184	1
1278	77	193	1
1279	77	195	1
1280	77	199	1
1281	78	88	1
1282	78	95	1
1283	78	108	1
1284	78	113	1
1285	78	122	1
1286	78	134	1
1287	78	143	1
1288	78	149	1
1289	78	168	1
1290	78	178	1
1291	78	185	1
1292	78	189	1
1293	78	198	1
1294	79	102	1
1295	79	104	1
1296	79	114	1
1297	79	125	1
1298	79	127	1
1299	79	137	1
1300	79	153	1
1301	79	161	1
1302	79	168	1
1303	79	191	1
1304	79	194	1
1305	79	196	1
1306	80	86	1
1307	80	87	1
1308	80	109	1
1309	80	114	1
1310	80	116	1
1311	80	118	1
1312	80	119	1
1313	80	123	1
1314	80	125	1
1315	80	132	1
1316	80	134	1
1317	80	139	1
1318	80	175	1
1319	80	195	1
1320	81	88	1
1321	81	107	1
1322	81	114	1
1323	81	117	1
1324	81	123	1
1325	81	125	1
1326	81	134	1
1327	81	141	1
1328	81	157	1
1329	81	165	1
1330	81	194	1
1331	81	199	1
1332	82	86	1
1333	82	92	1
1334	82	108	1
1335	82	109	1
1336	82	135	1
1337	82	149	1
1338	82	158	1
1339	82	159	1
1340	82	172	1
1341	82	189	1
1342	82	192	1
1343	82	198	1
1344	83	99	1
1345	83	103	1
1346	83	104	1
1347	83	111	1
1348	83	131	1
1349	83	172	1
1350	83	184	1
1351	83	186	1
1352	83	194	1
1353	83	195	1
1354	84	86	1
1355	84	101	1
1356	84	107	1
1357	84	114	1
1358	84	142	1
1359	84	143	1
1360	84	159	1
1361	84	163	1
1362	84	177	1
1363	84	189	1
1364	84	199	1
1365	85	86	1
1366	85	100	1
1367	85	108	1
1368	85	115	1
1369	85	140	1
1370	85	141	1
1371	85	146	1
1372	85	147	1
1373	85	157	1
1374	85	160	1
1375	85	163	1
1376	85	166	1
1377	85	173	1
1378	85	190	1
1379	85	194	1
1380	86	88	1
1381	86	95	1
1382	86	112	1
1383	86	141	1
1384	86	154	1
1385	86	158	1
1386	86	173	1
1387	86	176	1
1388	87	103	1
1389	87	104	1
1390	87	105	1
1391	87	114	1
1392	87	120	1
1393	87	125	1
1394	87	129	1
1395	87	138	1
1396	87	157	1
1397	87	173	1
1398	87	184	1
1399	87	186	1
1400	87	188	1
1401	87	193	1
1402	87	198	1
1403	88	100	1
1404	88	109	1
1405	88	117	1
1406	88	126	1
1407	88	129	1
1408	88	137	1
1409	88	146	1
1410	88	165	1
1411	88	172	1
1412	88	190	1
1413	89	98	1
1414	89	99	1
1415	89	131	1
1416	89	133	1
1417	89	140	1
1418	89	149	1
1419	89	153	1
1420	89	169	1
1421	89	170	1
1422	89	176	1
1423	89	181	1
1424	90	117	1
1425	90	156	1
1426	90	159	1
1427	90	162	1
1428	90	168	1
1429	90	169	1
1430	90	170	1
1431	90	178	1
1432	90	182	1
1433	90	194	1
1434	90	195	1
1435	91	93	1
1436	91	97	1
1437	91	100	1
1438	91	117	1
1439	91	127	1
1440	91	129	1
1441	91	138	1
1442	91	151	1
1443	91	153	1
1444	91	159	1
1445	91	165	1
1446	91	176	1
1447	91	177	1
1448	91	180	1
1449	91	181	1
1450	91	183	1
1451	92	102	1
1452	92	103	1
1453	92	112	1
1454	92	154	1
1455	92	180	1
1456	92	181	1
1457	92	185	1
1458	93	118	1
1459	93	137	1
1460	93	146	1
1461	93	160	1
1462	93	182	1
1463	93	189	1
1464	93	195	1
1465	93	199	1
1466	94	104	1
1467	94	112	1
1468	94	115	1
1469	94	136	1
1470	94	142	1
1471	94	157	1
1472	94	193	1
1473	95	101	1
1474	95	107	1
1475	95	124	1
1476	95	126	1
1477	95	133	1
1478	95	139	1
1479	95	146	1
1480	95	162	1
1481	95	197	1
1482	96	104	1
1483	96	133	1
1484	96	149	1
1485	96	166	1
1486	96	179	1
1487	96	195	1
1488	97	98	1
1489	97	115	1
1490	97	116	1
1491	97	128	1
1492	97	177	1
1493	97	187	1
1494	97	193	1
1495	97	195	1
1496	98	101	1
1497	98	109	1
1498	98	136	1
1499	98	145	1
1500	98	152	1
1501	98	156	1
1502	98	166	1
1503	98	181	1
1504	98	184	1
1505	98	188	1
1506	99	111	1
1507	99	114	1
1508	99	129	1
1509	99	131	1
1510	99	132	1
1511	99	133	1
1512	99	148	1
1513	99	158	1
1514	99	164	1
1515	99	174	1
1516	99	175	1
1517	99	177	1
1518	99	187	1
1519	99	192	1
1520	100	102	1
1521	100	106	1
1522	100	114	1
1523	100	119	1
1524	100	122	1
1525	100	124	1
1526	100	127	1
1527	100	130	1
1528	100	133	1
1529	100	156	1
1530	100	171	1
1531	100	173	1
1532	100	176	1
1533	100	178	1
1534	100	180	1
1535	100	183	1
1536	101	108	1
1537	101	114	1
1538	101	126	1
1539	101	137	1
1540	101	144	1
1541	101	150	1
1542	101	167	1
1543	101	179	1
1544	101	193	1
1545	102	106	1
1546	102	141	1
1547	102	180	1
1548	103	115	1
1549	103	124	1
1550	103	134	1
1551	103	138	1
1552	103	139	1
1553	103	140	1
1554	103	141	1
1555	103	145	1
1556	103	146	1
1557	103	149	1
1558	103	170	1
1559	103	181	1
1560	103	182	1
1561	104	114	1
1562	104	115	1
1563	104	142	1
1564	104	157	1
1565	104	164	1
1566	104	170	1
1567	104	173	1
1568	105	107	1
1569	105	129	1
1570	105	136	1
1571	105	141	1
1572	105	168	1
1573	105	169	1
1574	105	182	1
1575	105	184	1
1576	105	195	1
1577	105	198	1
1578	106	107	1
1579	106	124	1
1580	106	125	1
1581	106	137	1
1582	106	139	1
1583	106	151	1
1584	106	153	1
1585	106	172	1
1586	106	177	1
1587	106	185	1
1588	106	191	1
1589	106	195	1
1590	107	130	1
1591	107	140	1
1592	107	157	1
1593	107	183	1
1594	107	197	1
1595	108	115	1
1596	108	129	1
1597	108	130	1
1598	108	131	1
1599	108	132	1
1600	108	174	1
1601	108	175	1
1602	108	182	1
1603	108	188	1
1604	108	193	1
1605	109	125	1
1606	109	130	1
1607	109	132	1
1608	109	139	1
1609	109	148	1
1610	109	149	1
1611	109	150	1
1612	109	157	1
1613	109	159	1
1614	109	175	1
1615	110	111	1
1616	110	112	1
1617	110	118	1
1618	110	127	1
1619	110	150	1
1620	110	155	1
1621	110	159	1
1622	110	179	1
1623	110	183	1
1624	110	189	1
1625	111	114	1
1626	111	126	1
1627	111	138	1
1628	111	146	1
1629	111	159	1
1630	111	160	1
1631	111	162	1
1632	111	171	1
1633	111	174	1
1634	111	176	1
1635	111	177	1
1636	111	184	1
1637	111	191	1
1638	112	121	1
1639	112	123	1
1640	112	130	1
1641	112	146	1
1642	112	166	1
1643	112	171	1
1644	112	183	1
1645	112	186	1
1646	112	187	1
1647	112	189	1
1648	113	133	1
1649	113	135	1
1650	113	139	1
1651	113	152	1
1652	113	157	1
1653	113	161	1
1654	113	177	1
1655	113	183	1
1656	114	119	1
1657	114	128	1
1658	114	134	1
1659	114	150	1
1660	114	152	1
1661	114	161	1
1662	114	169	1
1663	114	197	1
1664	115	117	1
1665	115	118	1
1666	115	128	1
1667	115	133	1
1668	115	136	1
1669	115	155	1
1670	115	188	1
1671	115	193	1
1672	115	199	1
1673	116	119	1
1674	116	126	1
1675	116	132	1
1676	116	136	1
1677	116	140	1
1678	116	141	1
1679	116	147	1
1680	116	164	1
1681	116	167	1
1682	116	171	1
1683	116	176	1
1684	116	199	1
1685	117	131	1
1686	117	139	1
1687	117	144	1
1688	117	173	1
1689	117	178	1
1690	117	190	1
1691	117	197	1
1692	118	125	1
1693	118	130	1
1694	118	152	1
1695	118	173	1
1696	118	197	1
1697	118	199	1
1698	119	129	1
1699	119	142	1
1700	119	146	1
1701	119	174	1
1702	119	175	1
1703	119	198	1
1704	120	121	1
1705	120	143	1
1706	120	144	1
1707	120	154	1
1708	120	156	1
1709	120	160	1
1710	120	162	1
1711	120	166	1
1712	120	168	1
1713	120	182	1
1714	121	128	1
1715	121	137	1
1716	121	146	1
1717	121	147	1
1718	121	155	1
1719	121	165	1
1720	121	166	1
1721	121	168	1
1722	121	174	1
1723	121	175	1
1724	121	179	1
1725	121	180	1
1726	121	185	1
1727	121	187	1
1728	121	189	1
1729	122	135	1
1730	122	152	1
1731	122	196	1
1732	123	126	1
1733	123	147	1
1734	123	163	1
1735	123	164	1
1736	123	169	1
1737	123	175	1
1738	123	185	1
1739	124	125	1
1740	124	137	1
1741	124	142	1
1742	124	157	1
1743	124	160	1
1744	124	173	1
1745	124	183	1
1746	124	187	1
1747	124	192	1
1748	125	126	1
1749	125	139	1
1750	125	156	1
1751	125	166	1
1752	125	167	1
1753	125	175	1
1754	125	183	1
1755	125	186	1
1756	125	197	1
1757	126	133	1
1758	126	144	1
1759	126	155	1
1760	126	197	1
1761	127	138	1
1762	127	143	1
1763	127	174	1
1764	128	129	1
1765	128	137	1
1766	128	171	1
1767	128	183	1
1768	129	133	1
1769	129	136	1
1770	129	138	1
1771	129	154	1
1772	129	165	1
1773	129	171	1
1774	129	183	1
1775	130	159	1
1776	130	176	1
1777	130	196	1
1778	131	133	1
1779	131	145	1
1780	131	160	1
1781	131	164	1
1782	131	172	1
1783	131	176	1
1784	131	178	1
1785	131	182	1
1786	131	187	1
1787	131	197	1
1788	132	159	1
1789	132	164	1
1790	132	166	1
1791	132	193	1
1792	133	135	1
1793	133	139	1
1794	133	142	1
1795	133	149	1
1796	133	154	1
1797	133	171	1
1798	133	177	1
1799	133	197	1
1800	134	135	1
1801	134	141	1
1802	134	149	1
1803	134	150	1
1804	134	164	1
1805	134	182	1
1806	134	186	1
1807	135	162	1
1808	135	185	1
1809	135	189	1
1810	136	137	1
1811	136	160	1
1812	136	164	1
1813	136	172	1
1814	136	181	1
1815	136	184	1
1816	137	156	1
1817	137	162	1
1818	137	172	1
1819	138	139	1
1820	138	141	1
1821	138	162	1
1822	138	170	1
1823	138	189	1
1824	139	160	1
1825	139	172	1
1826	139	177	1
1827	139	183	1
1828	139	197	1
1829	140	143	1
1830	140	156	1
1831	140	165	1
1832	140	166	1
1833	140	169	1
1834	140	174	1
1835	140	193	1
1836	141	161	1
1837	141	167	1
1838	141	183	1
1839	141	194	1
1840	141	198	1
1841	142	145	1
1842	142	149	1
1843	142	150	1
1844	142	157	1
1845	142	168	1
1846	142	170	1
1847	142	172	1
1848	142	185	1
1849	142	188	1
1850	142	189	1
1851	143	151	1
1852	143	169	1
1853	143	170	1
1854	143	198	1
1855	144	150	1
1856	144	154	1
1857	144	160	1
1858	144	171	1
1859	144	175	1
1860	144	194	1
1861	145	155	1
1862	145	163	1
1863	145	181	1
1864	145	191	1
1865	146	149	1
1866	146	162	1
1867	146	167	1
1868	146	180	1
1869	146	182	1
1870	147	151	1
1871	147	153	1
1872	147	156	1
1873	147	163	1
1874	147	168	1
1875	147	191	1
1876	147	195	1
1877	148	170	1
1878	148	180	1
1879	148	185	1
1880	148	187	1
1881	148	189	1
1882	148	198	1
1883	149	155	1
1884	150	156	1
1885	150	157	1
1886	150	186	1
1887	150	191	1
1888	151	168	1
1889	151	172	1
1890	152	153	1
1891	152	156	1
1892	152	168	1
1893	152	176	1
1894	152	185	1
1895	152	187	1
1896	153	156	1
1897	153	166	1
1898	153	187	1
1899	154	157	1
1900	154	163	1
1901	154	181	1
1902	154	183	1
1903	154	190	1
1904	154	195	1
1905	154	197	1
1906	155	166	1
1907	156	158	1
1908	156	175	1
1909	156	185	1
1910	156	192	1
1911	157	159	1
1912	157	160	1
1913	157	182	1
1914	157	190	1
1915	158	159	1
1916	158	161	1
1917	158	162	1
1918	158	186	1
1919	159	169	1
1920	159	172	1
1921	159	180	1
1922	160	173	1
1923	160	182	1
1924	160	195	1
1925	160	197	1
1926	161	164	1
1927	161	167	1
1928	161	168	1
1929	161	170	1
1930	161	176	1
1931	161	177	1
1932	161	187	1
1933	161	195	1
1934	162	191	1
1935	162	193	1
1936	163	179	1
1937	163	190	1
1938	164	174	1
1939	164	186	1
1940	164	194	1
1941	164	198	1
1942	164	199	1
1943	165	176	1
1944	165	177	1
1945	165	184	1
1946	165	190	1
1947	166	171	1
1948	166	173	1
1949	166	177	1
1950	166	193	1
1951	166	195	1
1952	167	171	1
1953	167	182	1
1954	168	172	1
1955	169	172	1
1956	169	184	1
1957	169	186	1
1958	170	179	1
1959	170	188	1
1960	171	173	1
1961	171	180	1
1962	171	187	1
1963	172	185	1
1964	173	177	1
1965	173	190	1
1966	173	198	1
1967	175	191	1
1968	175	192	1
1969	175	199	1
1970	176	190	1
1971	177	178	1
1972	177	183	1
1973	178	179	1
1974	178	180	1
1975	178	184	1
1976	178	187	1
1977	178	189	1
1978	178	197	1
1979	179	192	1
1980	179	193	1
1981	180	188	1
1982	180	196	1
1983	180	197	1
1984	182	185	1
1985	182	189	1
1986	182	191	1
1987	183	192	1
1988	184	185	1
1989	184	190	1
1990	185	190	1
1991	185	194	1
1992	185	196	1
1993	186	187	1
1994	186	190	1
1995	186	192	1
1996	186	195	1
1997	187	196	1
1998	192	198	1
1999	194	195	1
2000	195	196	1
2001	196	198	1
