Link_index	Source	Destination	Capacity(kbps)
0	0	1	0
1	1	2	0
2	1	3	0
3	4	5	0
4	4	3	0
5	4	6	0
6	3	7	0
7	8	2	0
8	8	9	0
9	8	10	0
10	11	2	0
11	11	12	0
12	6	10	0
13	2	13	0
14	2	14	0
15	2	15	0
16	2	12	0
17	2	16	0
18	2	17	0
19	2	18	0
20	9	13	0
21	19	20	0
22	20	21	0
23	20	22	0
24	23	17	0
25	24	17	0
26	24	25	0
27	25	26	0
28	25	27	0
29	25	28	0
30	28	29	0
31	29	30	0
32	30	31	0
33	31	21	0
34	21	32	0
35	21	17	0
36	33	34	0
37	33	35	0
38	35	36	0
39	37	38	0
40	37	17	0
41	22	17	0
42	32	39	0
43	40	39	0
44	40	38	0
45	34	39	0
46	34	41	0
47	36	41	0
48	17	16	0
49	17	15	0
50	17	18	0
51	13	42	0
52	13	15	0
53	13	43	0
54	43	44	0
55	44	14	0
56	38	15	0
57	15	42	0
58	45	5	0
59	45	7	0
60	26	46	0
61	26	47	0
62	48	46	0
63	48	47	0
64	27	12	0
65	47	12	0
66	12	49	0
67	49	7	0